1319017533.662816048 -6.921448 -8.432181 1.413321 0.809944 0.579774 0.078783 0.040563 
1319017534.952914000 -6.876881 -8.291585 1.263464 0.864589 0.494161 0.085754 0.030622 
1319017535.945269108 -6.821575 -8.133549 1.189165 0.913755 0.400601 0.063463 0.023302 
1319017537.136120081 -6.735110 -7.959180 1.127932 0.959272 0.277130 0.049560 0.023235 
1319017539.616945982 -6.429323 -7.717633 1.127024 0.998672 0.014921 0.049003 -0.005534 
1319017540.708549976 -6.242058 -7.688824 1.155939 0.992785 -0.107757 0.046526 -0.024515 
1319017541.800153017 -6.051521 -7.737016 1.168448 0.972548 -0.226472 0.044605 -0.029512 
1319017542.891757011 -5.882322 -7.834285 1.152967 0.936931 -0.346143 0.037571 -0.030558 
1319017543.983360052 -5.760204 -7.956253 1.107572 0.891176 -0.451088 0.023132 -0.042312 
1319017545.868823051 -5.669429 -8.098040 1.048035 0.849796 -0.523802 0.021089 -0.055072 
1319017547.059674978 -5.624418 -8.121130 1.052728 0.838337 -0.543447 0.010706 -0.041735 
1319017548.250401020 -5.541755 -8.109687 1.013579 0.839771 -0.540464 0.017234 -0.048857 
1319017550.135987997 -5.339124 -8.047912 0.984618 0.839401 -0.540128 0.011288 -0.059499 
1319017551.326714993 -5.172666 -7.991477 0.996857 0.841846 -0.535411 0.009919 -0.067321 
1319017554.006161928 -4.826992 -7.861176 1.012956 0.844139 -0.528734 -0.003292 -0.088648 
1319017555.494632006 -4.675991 -7.784192 1.011260 0.850162 -0.518678 -0.003762 -0.090457 
1319017556.784730911 -4.553802 -7.715728 1.010080 0.850903 -0.517048 -0.001092 -0.092868 
1319017557.876333952 -4.446313 -7.672537 1.001305 0.854365 -0.510969 0.003031 -0.094665 
1319017559.563302994 -4.278033 -7.564924 0.992002 0.861424 -0.499686 0.009031 -0.090450 
1319017560.754152060 -4.164150 -7.472177 1.005874 0.863193 -0.497147 0.007098 -0.087705 
1319017561.845756054 -4.105770 -7.379432 1.010339 0.888343 -0.451313 0.020033 -0.082229 
1319017562.937357903 -4.187112 -7.265359 1.052772 0.939510 -0.333509 0.037629 -0.068382 
1319017564.624324083 -4.436703 -7.138732 1.116489 0.985110 -0.154052 0.020978 -0.073391 
1319017565.715928078 -4.588929 -7.062647 1.177497 0.996422 -0.038912 0.045936 -0.059319 
1319017566.807531118 -4.747431 -7.080955 1.258961 0.994040 0.081116 0.065867 -0.031090 
1319017567.899133921 -4.906646 -7.172023 1.284299 0.979646 0.191392 0.056525 -0.021626 
1319017569.486854076 -5.018503 -7.248791 1.284751 0.967364 0.245721 0.057130 -0.023764 
1319017571.074697018 -5.109266 -7.225818 1.305210 0.961752 0.264825 0.067427 -0.018813 
1319017572.166301012 -5.193201 -7.153403 1.305241 0.960338 0.271510 0.060600 -0.018982 
1319017573.754017115 -5.325996 -6.979627 1.325248 0.962166 0.266817 0.052821 -0.016002 
1319017575.143363953 -5.456399 -6.855112 1.339019 0.961565 0.269393 0.053055 -0.002407 
1319017576.631834030 -5.581929 -6.723427 1.327922 0.963429 0.263830 0.046782 -0.003031 
1319017577.723437071 -5.662098 -6.591788 1.315893 0.963974 0.261843 0.046401 -0.006224 
1319017578.914288044 -5.750488 -6.457496 1.319055 0.965181 0.257458 0.046276 -0.000211 
1319017580.105139017 -5.848790 -6.345364 1.310677 0.965941 0.255306 0.041306 0.008389 
1319017581.692857027 -5.960818 -6.172301 1.295787 0.965115 0.257923 0.044866 0.004007 
1319017582.784461021 -6.032578 -6.053815 1.299780 0.967000 0.250738 0.044563 0.007414 
1319017583.975311995 -6.111165 -5.937092 1.283326 0.965425 0.257295 0.039871 0.012822 
1319017585.463781118 -6.216147 -5.781266 1.257059 0.966978 0.251248 0.042128 0.007376 
1319017586.555387020 -6.292237 -5.673401 1.267701 0.966127 0.254438 0.040705 0.014288 
1319017587.746234894 -6.361663 -5.548473 1.263535 0.968410 0.246153 0.036210 0.016704 
1319017588.837838888 -6.426076 -5.439590 1.254328 0.966839 0.252223 0.037969 0.012827 
1319017590.028688908 -6.512440 -5.307024 1.264918 0.968731 0.245073 0.035912 0.014471 
1319017591.417911053 -6.578047 -5.151206 1.244399 0.967941 0.248708 0.033255 0.011382 
1319017592.708080053 -6.657985 -5.009783 1.243704 0.968091 0.248628 0.028783 0.012498 
1319017593.998109102 -6.734113 -4.860358 1.236254 0.969033 0.245330 0.026753 0.008539 
1319017595.387331009 -6.834921 -4.707298 1.227059 0.967157 0.252857 0.020993 0.015150 
1319017596.776676893 -6.923305 -4.560247 1.210011 0.968867 0.246269 0.019005 0.016938 
1319017598.066776991 -6.996557 -4.425766 1.198465 0.967261 0.252521 0.020645 0.014591 
1319017599.158379078 -7.056226 -4.303549 1.194269 0.968281 0.248608 0.018842 0.016439 
1319017600.448354959 -7.122159 -4.169845 1.187842 0.966604 0.255215 0.019596 0.012613 
1319017601.837699890 -7.204386 -4.021897 1.179004 0.966618 0.255368 0.017180 0.011932 
1319017602.929302931 -7.286812 -3.910798 1.168299 0.966592 0.255632 0.014251 0.012207 
1319017604.020905972 -7.353263 -3.779236 1.157926 0.967435 0.252517 0.013400 0.011169 
1319017605.509375095 -7.437324 -3.616760 1.151882 0.968253 0.249549 0.007819 0.012247 
1319017606.700226068 -7.494561 -3.490530 1.144129 0.967416 0.252911 0.005165 0.010791 
1319017607.891077042 -7.576896 -3.364227 1.146675 0.968998 0.246695 0.006571 0.011870 
1319017609.081927061 -7.642141 -3.238845 1.133616 0.967677 0.251792 0.010292 0.009814 
1319017610.570396900 -7.738111 -3.079431 1.124972 0.969709 0.244006 0.002767 0.010879 
1319017611.661999941 -7.808193 -2.956722 1.116663 0.967938 0.250967 0.001384 0.010461 
1319017613.051348925 -7.867797 -2.815930 1.128171 0.970094 0.242350 0.011832 0.006569 
1319017614.142949104 -7.930139 -2.704046 1.128315 0.967071 0.254197 0.011588 0.004857 
1319017615.631418943 -8.006128 -2.524293 1.115228 0.967779 0.251705 0.006627 -0.002323 
1319017617.120012999 -8.092478 -2.337223 1.108198 0.966958 0.254622 -0.009580 -0.008237 
1319017618.211617947 -8.160266 -2.216713 1.106309 0.965235 0.260861 -0.014627 -0.007734 
1319017619.501590014 -8.233079 -2.075325 1.101994 0.966291 0.256474 -0.019492 -0.011077 
1319017621.188679934 -8.339224 -1.889249 1.097489 0.964087 0.264144 -0.026089 -0.009112 
1319017623.669503927 -8.498400 -1.598692 1.078815 0.963720 0.263895 -0.038977 -0.009145 
1319017624.860354900 -8.577376 -1.470424 1.060738 0.963872 0.262607 -0.044393 -0.004196 
1319017626.448071957 -8.693773 -1.304456 1.044876 0.963960 0.262933 -0.040065 -0.006454 
1319017627.638921976 -8.751210 -1.189373 1.042215 0.961904 0.270312 -0.039991 -0.008539 
1319017628.730525017 -8.816312 -1.089511 1.042175 0.964245 0.262666 -0.034532 -0.006828 
1319017630.516737938 -8.920267 -0.923365 1.051384 0.964041 0.264997 -0.013229 -0.015058 
1319017631.707588911 -8.868278 -0.781468 1.054094 0.985690 0.166916 -0.016580 -0.016718 
1319017632.898438931 -8.685895 -0.714255 1.020177 0.998244 0.043090 -0.038136 -0.014050 
1319017634.089289904 -8.478344 -0.674795 0.968978 0.994995 -0.085814 -0.050750 -0.006719 
1319017635.180891991 -8.329999 -0.663638 0.959045 0.980372 -0.195306 -0.026729 -0.003527 
1319017636.867857933 -8.123061 -0.811167 0.971894 0.930268 -0.365843 -0.023276 -0.014817 
1319017637.959459066 -8.038796 -0.891830 0.957452 0.914099 -0.404599 -0.024585 -0.010866 
1319017639.150312901 -8.004344 -0.918761 0.964648 0.902445 -0.430303 -0.015337 -0.014019 
1319017640.241914988 -7.942371 -0.893712 0.961513 0.898075 -0.438919 -0.020265 -0.020014 
1319017642.028127909 -7.725203 -0.788237 0.940882 0.895165 -0.443697 -0.031723 -0.028404 
1319017643.119728088 -7.622091 -0.699590 0.942281 0.898702 -0.435489 -0.039188 -0.033899 
1319017644.112085104 -7.525398 -0.617012 0.943512 0.898133 -0.435938 -0.040955 -0.040465 
1319017645.699800014 -7.308230 -0.562325 0.928185 0.901617 -0.427642 -0.011727 -0.063807 
1319017646.989897966 -7.171753 -0.453058 0.939387 0.903739 -0.422380 -0.019156 -0.066961 
1319017648.081501007 -7.084665 -0.366134 0.917732 0.907800 -0.411058 -0.023724 -0.079794 
1319017649.173103094 -6.951497 -0.243044 0.907863 0.912574 -0.399672 -0.026308 -0.082335 
1319017650.165457964 -6.836298 -0.154279 0.918271 0.918996 -0.384994 -0.027392 -0.080472 
1319017651.554681063 -6.687724 -0.343502 0.937476 0.857134 -0.508272 0.003222 -0.083493 
1319017652.745528936 -6.611442 -0.584593 0.896857 0.787631 -0.606141 -0.000384 -0.110593 
1319017653.936378002 -6.456077 -0.637211 0.787188 -0.682324 0.719832 0.112819 0.059571 
1319017655.027981043 -6.439947 -0.732912 0.780173 -0.595207 0.794959 0.117333 -0.001338 
1319017656.615698099 -6.579862 -0.976211 0.813044 -0.440367 0.890784 0.111893 -0.007779 
1319017657.806548119 -6.741143 -1.148315 0.849474 -0.345820 0.934142 0.084907 -0.024062 
1319017658.997399092 -6.799934 -1.195160 0.875966 -0.306406 0.948139 0.073205 -0.042285 
1319017659.989754915 -6.810172 -1.222079 0.886183 -0.286686 0.953566 0.079850 -0.046342 
1319017661.180603027 -6.784830 -1.314936 0.894676 -0.279529 0.955316 0.085681 -0.043505 
1319017662.569824934 -6.732112 -1.466016 0.919312 -0.268314 0.959110 0.077671 -0.045633 
1319017663.661427021 -6.660799 -1.581399 0.931332 -0.271185 0.958793 0.077565 -0.034050 
1319017664.753029108 -6.605532 -1.696437 0.950646 -0.261732 0.961824 0.071836 -0.035067 
1319017665.745384932 -6.557226 -1.810476 0.971732 -0.268249 0.960325 0.066089 -0.038096 
1319017667.531595945 -6.513836 -1.996389 1.012811 -0.263284 0.962724 0.047828 -0.039459 
1319017668.623198032 -6.481920 -2.111615 1.021355 -0.268285 0.962140 0.031261 -0.036500 
1319017671.302516937 -6.375983 -2.427673 1.067132 -0.269722 0.962604 0.010369 -0.023153 
1319017672.791110992 -6.279140 -2.577418 1.075432 -0.275374 0.961035 0.013993 -0.019629 
1319017673.882713079 -6.200535 -2.701637 1.087669 -0.270910 0.962345 0.013094 -0.018129 
1319017674.875066996 -6.154031 -2.792319 1.094101 -0.278393 0.960181 0.013418 -0.019232 
1319017676.462784052 -6.051573 -2.949930 1.081788 -0.276396 0.960845 0.018705 -0.005748 
1319017677.653634071 -5.970641 -3.069350 1.075068 -0.287796 0.957490 0.019129 -0.004449 
1319017678.745235920 -5.896352 -3.185399 1.075010 -0.285146 0.958317 0.017835 -0.001530 
1319017680.035336018 -5.818357 -3.328637 1.067175 -0.295962 0.955056 0.015208 0.006533 
1319017681.126935959 -5.742559 -3.442308 1.056938 -0.289910 0.956848 0.014893 0.013138 
1319017682.615406990 -5.627525 -3.605270 1.043752 -0.296555 0.954563 0.017196 0.023867 
1319017684.897856951 -5.465821 -3.861088 1.009367 -0.298599 0.953202 0.019413 0.043218 
1319017686.386324883 -5.371817 -4.009919 0.989564 -0.294807 0.954299 0.018250 0.045482 
1319017687.577177048 -5.285132 -4.132242 0.984772 -0.294933 0.954310 0.016086 0.045264 
1319017688.668776989 -5.200374 -4.244595 0.977064 -0.295042 0.954218 0.020696 0.044611 
1319017692.142079115 -4.885806 -4.574371 0.943930 -0.301694 0.950371 0.049623 0.057566 
1319017693.233680964 -4.802296 -4.703406 0.925733 -0.300633 0.950506 0.050784 0.059828 
1319017694.424407005 -4.730251 -4.817004 0.918665 -0.307021 0.948295 0.048452 0.064243 
1319017696.111495018 -4.600698 -4.991871 0.901572 -0.311082 0.947056 0.045148 0.065378 
1319017698.493069887 -4.433487 -5.242850 0.888338 -0.312552 0.946568 0.037111 0.070306 
1319017699.584671974 -4.366312 -5.356919 0.885620 -0.306986 0.948296 0.032935 0.073545 
1319017701.966373920 -4.220967 -5.626161 0.880203 -0.305340 0.948933 0.014024 0.078076 
1319017703.057972908 -4.149570 -5.740344 0.880441 -0.312111 0.946372 0.016653 0.081786 
1319017704.546441078 -4.038491 -5.904322 0.866614 -0.309859 0.945945 0.008226 0.095431 
1319017705.737291098 -3.942520 -6.032222 0.859609 -0.316745 0.943588 0.004577 0.096399 
1319017706.928141117 -3.860316 -6.157143 0.852654 -0.310191 0.945086 0.007148 0.102675 
1319017708.019745111 -3.780334 -6.267357 0.840763 -0.315729 0.942794 0.007756 0.106744 
1319017709.111344099 -3.678973 -6.369641 0.836128 -0.307463 0.944794 0.012968 0.112531 
1319017710.202945948 -3.611728 -6.506940 0.807906 -0.311064 0.942653 0.000665 0.121010 
1319017711.691415071 -3.499935 -6.659210 0.786697 -0.301493 0.944810 0.012007 0.127640 
1319017712.783016920 -3.401483 -6.756760 0.777651 -0.308223 0.940516 0.021879 0.141243 
1319017713.775369883 -3.325759 -6.856665 0.753381 -0.298263 0.943981 0.017122 0.140161 
1319017716.653186083 -3.113292 -7.127259 0.722351 -0.297990 0.942953 0.035692 0.144111 
1319017718.042529106 -3.019430 -7.256951 0.682423 -0.296949 0.943237 0.028739 0.145943 
1319017719.233378887 -2.917041 -7.379253 0.661611 -0.306605 0.940106 0.032792 0.145321 
1319017720.424103975 -2.756834 -7.297104 0.703361 -0.433763 0.889947 0.033830 0.136747 
1319017721.714200974 -2.656158 -7.137155 0.737471 -0.547654 0.822315 0.031822 0.151199 
1319017722.706554890 -2.569905 -6.966145 0.799180 -0.636603 0.755994 0.013462 0.151753 
1319017724.393518925 -2.550065 -6.783727 0.915281 0.764693 -0.633422 0.030346 -0.114453 
1319017725.584367990 -2.630174 -6.646928 1.020231 0.822571 -0.556551 0.024918 -0.114047 
1319017726.675970078 -2.680355 -6.570912 1.084391 0.838157 -0.531702 0.025537 -0.118883 
1319017727.668323040 -2.673304 -6.523511 1.072402 0.853519 -0.506094 0.039764 -0.117447 
1319017728.859173059 -2.595117 -6.452116 1.090335 0.853591 -0.508658 0.040466 -0.104933 
1319017730.446888924 -2.479989 -6.350283 1.084226 0.851890 -0.508373 0.026731 -0.122988 
1319017731.637738943 -2.334938 -6.264269 1.076956 0.842865 -0.524098 0.027450 -0.118942 
1319017732.729340076 -2.214839 -6.218822 1.053504 0.841611 -0.527001 0.028655 -0.114630 
1319017734.217932940 -2.080098 -6.135174 1.019596 0.836716 -0.533490 0.010344 -0.123236 
1319017735.309408903 -1.957391 -6.066697 1.003514 0.829948 -0.543126 0.015922 -0.126282 
1319017736.500258923 -1.806992 -6.027680 0.983515 0.823557 -0.552741 0.021287 -0.125611 
1319017737.591861010 -1.688791 -5.989700 0.965755 0.819281 -0.559192 0.007658 -0.126585 
1319017739.278824091 -1.523231 -5.889560 0.927248 0.821098 -0.556329 0.011764 -0.127113 
1319017740.469672918 -1.561764 -5.741451 0.972116 0.886662 -0.446003 0.035345 -0.116885 
1319017741.462027073 -1.663600 -5.645086 1.026868 0.931576 -0.349111 0.024847 -0.098335 
1319017744.042222023 -2.017915 -5.412944 1.211522 0.992320 -0.077777 0.062640 -0.072995 
1319017745.332194090 -2.234183 -5.446564 1.329137 0.993669 0.069251 0.079371 -0.039063 
1319017746.423798084 -2.432832 -5.548044 1.399186 0.980220 0.182691 0.071604 -0.025805 
1319017747.614645004 -2.555437 -5.625724 1.450348 0.969739 0.231670 0.073934 -0.021670 
1319017749.301609039 -2.622446 -5.651935 1.515288 0.959563 0.266637 0.089494 -0.011633 
1319017750.492458105 -2.731318 -5.598166 1.537183 0.959454 0.272567 0.071722 -0.003496 
1319017751.584059000 -2.832820 -5.493454 1.525581 0.956691 0.282280 0.069430 -0.015491 
1319017752.675661087 -2.917878 -5.358483 1.504398 0.959375 0.272693 0.070883 -0.014589 
1319017754.263501883 -3.034250 -5.187168 1.475843 0.960187 0.273828 0.055153 0.004051 
1319017755.454226017 -3.164064 -5.047771 1.432457 0.960900 0.271969 0.051995 -0.000304 
1319017756.645075083 -3.281343 -4.902436 1.373441 0.961348 0.271632 0.045008 0.000026 
1319017757.736676931 -3.332150 -4.776948 1.330778 0.964005 0.263494 0.035033 0.006124 
1319017759.324392080 -3.470755 -4.586876 1.289804 0.964767 0.260746 0.033320 0.011220 
1319017760.515240908 -3.561396 -4.477003 1.291027 0.964135 0.263711 0.027016 0.013029 
1319017761.606842041 -3.636467 -4.361799 1.264669 0.964730 0.261256 0.030335 0.011002 
1319017762.797691107 -3.725600 -4.226555 1.255259 0.964523 0.260913 0.036327 0.017345 
1319017764.385407925 -3.849156 -4.072509 1.238745 0.966503 0.254300 0.026659 0.022207 
1319017765.973248005 -3.949581 -3.907693 1.227018 0.964743 0.260424 0.030475 0.022840 
1319017768.454071045 -4.095369 -3.651203 1.209910 0.964284 0.262357 0.027300 0.024092 
1319017769.644917965 -4.167494 -3.520483 1.199122 0.966061 0.256255 0.024867 0.020994 
1319017770.736519098 -4.228538 -3.408797 1.190947 0.963941 0.263917 0.027131 0.020726 
1319017771.828119993 -4.286419 -3.293651 1.191302 0.966613 0.253812 0.028686 0.020379 
1319017773.018969059 -4.368259 -3.185314 1.188004 0.963574 0.265464 0.025161 0.020515 
1319017774.408190966 -4.442774 -3.042898 1.177364 0.966042 0.256568 0.025076 0.017517 
1319017775.499789953 -4.511236 -2.930405 1.173538 0.963965 0.264280 0.022369 0.020658 
1319017776.690639973 -4.594912 -2.780164 1.161838 0.966583 0.255073 0.013948 0.021443 
1319017778.278480053 -4.674265 -2.606838 1.151168 0.965671 0.259273 0.007204 0.014319 
1319017779.369956017 -4.723071 -2.469995 1.121334 0.966416 0.256758 -0.004111 0.009958 
1319017780.461555958 -4.805089 -2.337654 1.119649 0.964804 0.262564 -0.011280 0.009297 
1319017781.553158045 -4.893548 -2.178303 1.109000 0.963965 0.264246 -0.027416 0.013945 
1319017782.942512035 -4.982482 -1.992725 1.077544 0.958903 0.279281 -0.049535 0.007319 
1319017785.423324108 -5.189925 -1.612422 0.984522 0.949284 0.296103 -0.105648 0.004531 
1319017786.713419914 -5.247092 -1.487194 0.942171 0.948812 0.296975 -0.107491 -0.002811 
1319017787.705773115 -5.325841 -1.414535 0.911665 0.949413 0.295768 -0.105525 0.000512 
1319017789.491985083 -5.442158 -1.242599 0.861854 0.949681 0.293520 -0.109324 0.000239 
1319017790.782080889 -5.512197 -1.143886 0.829174 0.955548 0.277092 -0.100688 0.003166 
1319017791.972929955 -5.615311 -1.006623 0.783168 0.953170 0.283395 -0.105619 -0.000294 
1319017793.362149000 -5.709348 -0.908437 0.738080 0.959665 0.267575 -0.085799 0.009210 
1319017794.850742102 -5.798211 -0.759334 0.719820 0.958678 0.267127 -0.095667 0.020664 
1319017795.942342997 -5.862667 -0.628394 0.733709 0.963726 0.258390 -0.066492 0.006675 
1319017797.033943892 -5.904276 -0.549230 0.771765 0.965839 0.254954 -0.046365 -0.001692 
1319017798.224792004 -5.968150 -0.450670 0.758087 0.967817 0.251205 -0.015073 -0.000129 
1319017800.606364965 -6.076922 -0.301304 0.776627 0.970691 0.239416 0.020935 0.001008 
1319017801.797214031 -6.183349 -0.188361 0.821858 0.969545 0.240990 0.042727 0.008965 
1319017802.888814926 -6.239566 -0.088117 0.886892 0.970297 0.233753 0.061025 0.012626 
1319017804.377281904 -6.337496 0.016164 0.949547 0.968735 0.237598 0.067041 0.024602 
1319017805.568130970 -6.413221 0.146855 0.982076 0.968053 0.241170 0.064951 0.022169 
1319017806.659734011 -6.564161 0.276403 1.042571 0.963529 0.255629 0.057953 0.053911 
1319017807.949827909 -6.619101 0.416008 1.079626 0.964542 0.254097 0.054124 0.046526 
1319017809.339046955 -6.620944 0.588791 1.115861 0.982540 0.173820 0.044371 0.049329 
1319017810.331401110 -6.487842 0.646676 1.134816 0.996131 0.063559 0.045595 0.040051 
1319017811.522248983 -6.325706 0.688150 1.144530 0.997029 -0.056211 0.022924 0.047406 
1319017812.713098049 -6.173533 0.741127 1.167811 0.979407 -0.190907 0.029841 0.058534 
1319017814.102442026 -6.022058 0.683488 1.239727 0.944032 -0.327286 0.029415 0.028679 
1319017815.293165922 -5.902328 0.609270 1.274237 0.920250 -0.389315 0.022811 0.032460 
1319017816.484015942 -5.824580 0.577732 1.302335 0.910433 -0.411325 0.026329 0.035077 
1319017818.964958906 -5.635543 0.683118 1.321735 0.908384 -0.417423 0.016835 0.017671 
1319017820.155807972 -5.522044 0.774865 1.328544 0.909569 -0.414044 0.019655 0.029405 
1319017821.247409105 -5.433451 0.865254 1.296592 0.913266 -0.405945 0.019321 0.027945 
1319017824.025971889 -5.213108 1.146092 1.222247 0.914882 -0.401955 -0.004170 0.037489 
1319017825.216820955 -5.104431 1.243183 1.235105 0.915345 -0.400384 0.005323 0.042515 
1319017826.308296919 -5.019364 1.345738 1.249786 0.918665 -0.392636 -0.006034 0.043077 
1319017827.499145031 -4.920644 1.470510 1.253455 0.922812 -0.382493 -0.009074 0.045110 
1319017828.789242029 -4.789132 1.421900 1.277513 0.876317 -0.478937 0.013613 0.050019 
1319017829.980089903 -4.703368 1.256605 1.233967 0.807673 -0.589210 -0.006412 0.021330 
1319017831.071690083 -4.616459 1.116092 1.193201 0.740449 -0.671631 -0.006137 0.024684 
1319017832.163290977 -4.546013 0.958465 1.218600 -0.654529 0.754457 -0.017989 -0.045428 
1319017833.354015112 -4.589094 0.749405 1.218345 -0.554007 0.832240 -0.014781 -0.015333 
1319017834.743359089 -4.676564 0.528953 1.177425 -0.422120 0.906506 -0.007729 0.001455 
1319017835.834959984 -4.755746 0.416895 1.154201 -0.345672 0.938041 -0.023575 0.005799 
1319017837.025810003 -4.839211 0.395113 1.137508 -0.312777 0.949612 -0.018549 0.008005 
1319017839.605875015 -4.784408 0.176864 1.113994 -0.294591 0.955473 -0.010992 0.012903 
1319017840.796724081 -4.735086 0.064835 1.112141 -0.289365 0.956771 -0.015178 0.025043 
1319017841.888324022 -4.653358 -0.077518 1.116939 -0.290930 0.956377 -0.012447 0.023421 
1319017843.079173088 -4.580436 -0.194633 1.142749 -0.297002 0.954537 -0.014657 0.020846 
1319017845.063878059 -4.465446 -0.411080 1.139497 -0.309433 0.950265 -0.015947 0.031501 
1319017846.155478954 -4.377035 -0.537772 1.137493 -0.301352 0.952853 -0.019367 0.029716 
1319017847.247080088 -4.294760 -0.644411 1.137547 -0.315424 0.948245 -0.015531 0.033129 
1319017848.437802076 -4.227714 -0.770328 1.132684 -0.305708 0.951232 -0.012974 0.039126 
1319017849.628650904 -4.119436 -0.890710 1.125561 -0.318943 0.946929 -0.009641 0.038829 
1319017850.819499969 -4.020999 -1.027554 1.114408 -0.309069 0.950203 -0.010824 0.038396 
1319017852.010348082 -3.931523 -1.141313 1.103843 -0.319798 0.946629 -0.006074 0.039831 
1319017854.094302893 -3.760847 -1.358517 1.082359 -0.314884 0.948204 0.001038 0.041917 
1319017855.384272099 -3.638384 -1.467213 1.074627 -0.316413 0.947605 0.004271 0.043710 
1319017856.475872993 -3.569880 -1.580979 1.071354 -0.312791 0.948869 0.003124 0.042417 
1319017857.567472935 -3.492894 -1.674966 1.066647 -0.322216 0.945829 0.006471 0.039274 
1319017858.956816912 -3.390823 -1.810895 1.052163 -0.314849 0.948337 0.007921 0.038261 
1319017860.048417091 -3.300951 -1.907423 1.035870 -0.321352 0.946016 0.006742 0.041727 
1319017861.040771961 -3.231772 -2.002533 1.027143 -0.311254 0.949637 0.004582 0.035918 
1319017862.231617928 -3.152504 -2.111443 1.018781 -0.322028 0.946018 0.004910 0.036382 
1319017863.323093891 -3.090662 -2.219189 1.011914 -0.308191 0.950697 0.006897 0.033848 
1319017865.407047033 -2.918156 -2.408965 1.011769 -0.308874 0.950195 0.007209 0.040926 
1319017866.597893953 -2.826178 -2.540014 1.014865 -0.316494 0.947832 0.007533 0.037283 
1319017867.689495087 -2.740118 -2.641064 1.024586 -0.308750 0.950151 0.012312 0.041644 
1319017869.178086042 -2.620950 -2.788724 1.003322 -0.314716 0.947607 0.014489 0.052775 
1319017870.269686937 -2.528271 -2.906844 0.986258 -0.306286 0.950565 0.014673 0.048988 
1319017871.460411072 -2.445685 -3.030056 0.972876 -0.314304 0.947712 0.018150 0.052196 
1319017872.552011013 -2.366105 -3.127415 0.964173 -0.307681 0.949115 0.021809 0.063541 
1319017875.132201910 -2.157884 -3.405460 0.937535 -0.309434 0.948178 0.018251 0.069832 
1319017876.223803043 -2.083276 -3.512064 0.931015 -0.316800 0.945095 0.022419 0.077010 
1319017877.315279007 -1.989173 -3.618025 0.912323 -0.312587 0.945355 0.027583 0.088507 
1319017880.292335033 -1.735012 -3.940401 0.844804 -0.307306 0.944018 0.040915 0.112776 
1319017881.483184099 -1.635466 -4.053906 0.811848 -0.317516 0.939573 0.044212 0.120131 
1319017882.574784040 -1.543002 -4.166957 0.794912 -0.307253 0.943267 0.043775 0.118009 
1319017883.964127064 -1.444063 -4.301899 0.777434 -0.315845 0.939894 0.044372 0.121956 
1319017885.353346109 -1.355115 -4.442751 0.753550 -0.301952 0.943959 0.045561 0.125265 
1319017886.643441916 -1.250054 -4.570852 0.725259 -0.309498 0.941578 0.043376 0.125540 
1319017887.635793924 -1.184337 -4.678712 0.715283 -0.296728 0.945510 0.046580 0.125672 
1319017889.124386072 -1.067288 -4.806615 0.698397 -0.304851 0.942033 0.052135 0.130080 
1319017890.414355993 -0.966359 -4.930154 0.677337 -0.303193 0.943287 0.056821 0.122697 
1319017891.605204105 -0.872759 -5.040581 0.664836 -0.303931 0.943039 0.056568 0.122896 
1319017892.696804047 -0.794082 -5.148445 0.651378 -0.301492 0.943371 0.059175 0.125108 
1319017894.284518003 -0.683381 -5.316732 0.639991 -0.298275 0.944987 0.058082 0.121068 
1319017895.376117945 -0.611767 -5.422917 0.636550 -0.306803 0.942625 0.052175 0.120861 
1319017896.467717886 -0.520956 -5.519794 0.632542 -0.305929 0.942901 0.057531 0.118467 
1319017897.559319019 -0.432266 -5.632955 0.628232 -0.307893 0.942420 0.059479 0.116228 
1319017898.849412918 -0.265288 -5.616337 0.656775 -0.423079 0.897808 0.033084 0.117690 
1319017900.040261030 -0.158726 -5.464613 0.713317 -0.541653 0.831535 0.035269 0.117974 
1319017901.330233097 -0.071760 -5.252667 0.754190 -0.657608 0.742700 0.014872 0.125407 
1319017902.521080017 -0.039037 -5.080772 0.835353 0.745333 -0.656767 0.014371 -0.113706 
1319017903.910423994 -0.097928 -4.913915 0.971229 0.825609 -0.556653 0.011916 -0.091465 
1319017906.192873955 -0.174576 -4.808917 1.032881 0.857753 -0.503639 0.018586 -0.101307 
1319017907.284348011 -0.116816 -4.736038 1.037049 0.858848 -0.502583 0.026520 -0.095322 
1319017908.772937059 0.011218 -4.646431 1.027651 0.854661 -0.508374 0.014420 -0.104410 
1319017909.864537954 0.129892 -4.582494 1.008437 0.848658 -0.517863 0.014659 -0.106688 
1319017911.055385113 0.256747 -4.517338 1.009305 0.845542 -0.524251 0.016718 -0.099700 
1319017912.146985054 0.361608 -4.446187 1.003042 0.842117 -0.529078 0.009131 -0.104077 
1319017913.337709904 0.484775 -4.385267 0.986334 0.835626 -0.538426 0.004460 -0.108658 
1319017914.727051020 0.638868 -4.318723 0.963997 0.826936 -0.552195 0.007059 -0.105866 
1319017915.818650961 0.762008 -4.278287 0.957188 0.819966 -0.562628 -0.002061 -0.105361 
1319017916.910252094 0.882372 -4.241725 0.954505 0.809423 -0.576920 -0.006834 -0.109318 
1319017918.001851082 0.985021 -4.174658 0.960372 0.818852 -0.564386 -0.000626 -0.104645 
1319017919.589564085 0.856955 -4.007505 1.013041 0.914387 -0.395939 0.018280 -0.082427 
1319017920.681164026 0.714109 -3.885419 1.060446 0.951653 -0.293858 0.004083 -0.089369 
1319017921.872011900 0.587602 -3.738165 1.134842 0.980656 -0.165260 0.055154 -0.089227 
1319017923.062860012 0.455244 -3.730065 1.246943 0.994490 -0.046668 0.079649 -0.049667 
1319017924.650573015 0.155212 -3.830330 1.325418 0.986540 0.141008 0.069626 -0.044803 
1319017925.742172956 0.017470 -3.886890 1.358214 0.972938 0.212506 0.077539 -0.047133 
1319017926.833772898 -0.036261 -3.925998 1.387809 0.963556 0.247141 0.097002 -0.032751 
1319017928.024621010 -0.100130 -3.938453 1.400428 0.959565 0.265061 0.093084 -0.017697 
1319017929.314590931 -0.214209 -3.890798 1.382771 0.957767 0.276172 0.075631 -0.026304 
1319017930.406189919 -0.291239 -3.774404 1.380080 0.958033 0.271249 0.085576 -0.035693 
1319017931.497791052 -0.361717 -3.660837 1.402717 0.958135 0.270680 0.089361 -0.026928 
1319017932.589390993 -0.437180 -3.562492 1.416961 0.960354 0.266417 0.079162 -0.021799 
1319017934.177228928 -0.578452 -3.391589 1.409326 0.958209 0.273071 0.080015 -0.029423 
1319017936.558799028 -0.747222 -3.132007 1.392204 0.959658 0.271367 0.069571 -0.024013 
1319017937.650398970 -0.837515 -3.007445 1.376271 0.962462 0.262521 0.065479 -0.021496 
1319017939.138989925 -0.953693 -2.825683 1.365435 0.960733 0.270530 0.056310 -0.025176 
1319017940.230591059 -1.014803 -2.707522 1.362000 0.964255 0.259108 0.049266 -0.025472 
1319017941.322063923 -1.083987 -2.583934 1.358461 0.962072 0.267554 0.047543 -0.023908 
1319017942.413664103 -1.174052 -2.460593 1.360526 0.964739 0.257863 0.047598 -0.022816 
1319017944.001503944 -1.316820 -2.295433 1.349901 0.962542 0.268972 0.032254 -0.011226 
1319017945.093101978 -1.401924 -2.151726 1.320379 0.966384 0.255909 0.023943 -0.006261 
1319017946.879311085 -1.526069 -1.952319 1.286640 0.964245 0.264333 0.018221 -0.005175 
1319017947.970911026 -1.591260 -1.824884 1.272801 0.966063 0.258025 0.011744 -0.002660 
1319017949.261004925 -1.694933 -1.686547 1.254736 0.963405 0.267889 0.009204 -0.000674 
1319017950.253356934 -1.760798 -1.572634 1.243437 0.965394 0.260626 0.009229 0.001882 
1319017951.245709896 -1.830935 -1.478867 1.232807 0.962602 0.270866 0.004708 0.002669 
1319017953.726526022 -1.970507 -1.218486 1.204700 0.962793 0.270019 0.010858 -0.000973 
1319017955.016622066 -2.046447 -1.095455 1.193685 0.966240 0.257599 0.004648 0.001363 
1319017956.108221054 -2.120671 -0.976546 1.176460 0.962750 0.270373 0.003141 0.000448 
1319017957.298943996 -2.207895 -0.837239 1.163482 0.966100 0.258130 0.004398 0.000823 
1319017958.886784077 -2.297734 -0.681445 1.146784 0.963019 0.269362 -0.003532 0.005012 
1319017960.077629089 -2.364377 -0.541783 1.131794 0.966890 0.255166 -0.001073 0.003482 
1319017963.054685116 -2.552203 -0.215558 1.112365 0.964840 0.262572 -0.011754 0.001158 
1319017964.642398119 -2.654630 -0.043857 1.111931 0.966231 0.257602 -0.006006 -0.001463 
1319017965.833245039 -2.721767 0.075462 1.108966 0.963215 0.268654 -0.006045 -0.002340 
1319017967.024092913 -2.782674 0.191228 1.102898 0.966718 0.255682 -0.008609 -0.002854 
1319017968.314063072 -2.871634 0.328699 1.100308 0.964088 0.265541 -0.003733 -0.002893 
1319017969.703404903 -2.960906 0.485877 1.097377 0.967632 0.252346 -0.001719 -0.002464 
1319017970.894252062 -3.029261 0.601030 1.092938 0.963498 0.267641 -0.003549 -0.005201 
1319017973.077450991 -3.187603 0.846261 1.102301 0.962226 0.272241 -0.001420 0.001783 
1319017974.466667891 -3.291374 0.983225 1.107803 0.963297 0.268246 -0.006138 0.008081 
1319017975.657516003 -3.369864 1.120579 1.106153 0.958744 0.284195 -0.005859 0.002779 
1319017976.848362923 -3.447152 1.265644 1.116268 0.960335 0.278737 -0.007933 0.000028 
1319017978.237704992 -3.548956 1.407810 1.121128 0.956528 0.291385 -0.012025 0.001942 
1319017979.626923084 -3.656478 1.550616 1.119318 0.958636 0.284115 -0.015748 0.006890 
1319017980.817770004 -3.739158 1.668416 1.114061 0.958163 0.285896 -0.013404 0.002836 
1319017981.810122013 -3.806403 1.765887 1.110266 0.960658 0.277253 -0.015320 0.005717 
1319017984.787177086 -4.015247 2.069089 1.134229 0.960955 0.276344 -0.008076 0.011590 
1319017985.878776073 -4.088787 2.170284 1.140816 0.961281 0.274985 -0.012406 0.012981 
1319017986.871128082 -4.153390 2.270136 1.131682 0.961144 0.275639 -0.009387 0.011725 
1319017987.962727070 -4.197405 2.388600 1.125466 0.966964 0.254821 -0.001733 0.006644 
1319017989.451193094 -3.989240 2.482552 1.113792 0.996753 0.079610 -0.009434 0.007478 
1319017990.642039061 -3.825915 2.521707 1.071192 0.999078 -0.027529 -0.030526 0.012354 
1319017991.733639956 -3.641303 2.556812 1.056850 0.989352 -0.145025 -0.000884 0.012208 
1319017992.924485922 -3.495611 2.520023 1.086074 0.963211 -0.268740 -0.000930 0.001311 
1319017994.512198925 -3.342998 2.409308 1.070326 0.927034 -0.374050 -0.026264 0.001971 
1319017998.183990002 -3.124467 2.425331 1.065209 0.908884 -0.416999 -0.006005 0.002275 
1319017999.573204994 -2.993149 2.515095 1.067245 0.912135 -0.409881 -0.001992 0.001469 
1319018000.664803982 -2.917958 2.604276 1.071124 0.912336 -0.409402 0.000307 -0.005648 
1319018001.756403923 -2.812454 2.680535 1.080300 0.912235 -0.409611 -0.001241 -0.006745 
1319018002.748754978 -2.705581 2.764099 1.096119 0.913744 -0.406285 0.000019 -0.002073 
1319018004.237344027 -2.595690 2.900923 1.123175 0.917555 -0.397567 -0.001593 0.005541 
1319018005.428066969 -2.504305 3.013188 1.132160 0.919774 -0.392422 -0.004544 0.000855 
1319018006.718161106 -2.403244 3.132138 1.137226 0.924037 -0.382211 0.001637 0.008252 
1319018007.710513115 -2.308293 3.204521 1.141146 0.918258 -0.395850 0.002148 0.010019 
1319018009.099854946 -2.153144 3.074418 1.136257 0.844477 -0.535586 -0.002246 -0.000310 
1319018010.290575981 -2.047504 2.918679 1.119272 0.778019 -0.627714 -0.022754 -0.011986 
1319018011.481424093 -1.941555 2.724761 1.098754 -0.687855 0.725750 0.011180 -0.004284 
1319018012.573023081 -1.934808 2.577404 1.102917 -0.602768 0.797812 0.005934 0.011487 
1319018014.061613083 -2.040545 2.295965 1.080417 -0.460639 0.886825 0.011600 0.034912 
1319018015.153212070 -2.122820 2.109720 1.065732 -0.366450 0.929726 0.009809 0.035040 
1319018016.244811058 -2.198999 2.072214 1.072693 -0.325796 0.944319 0.004152 0.045832 
1319018017.435533047 -2.247206 2.029663 1.069208 -0.303858 0.951166 0.007292 0.053858 
1319018019.420236111 -2.188158 1.812337 1.041326 -0.303526 0.952041 0.002758 0.038505 
1319018020.511835098 -2.094808 1.741360 1.054313 -0.293874 0.954110 0.019405 0.054186 
1319018021.504185915 -2.071011 1.625838 1.018101 -0.306860 0.950410 0.001407 0.050554 
1319018022.595788002 -1.993579 1.521303 1.026954 -0.309080 0.950731 -0.000671 0.024056 
1319018024.282744884 -1.889243 1.362981 1.036678 -0.320639 0.946353 0.010053 0.038799 
1319018026.763685942 -1.707937 1.099371 1.039826 -0.321835 0.946450 0.000701 0.025592 
1319018027.855285883 -1.641542 0.992451 1.052079 -0.310546 0.949907 0.006995 0.034469 
1319018029.442998886 -1.525039 0.845362 1.042671 -0.323550 0.945446 0.003604 0.037875 
1319018030.633845091 -1.423043 0.718394 1.047990 -0.308800 0.950576 0.006343 0.031729 
1319018031.725444078 -1.339584 0.624836 1.051025 -0.323921 0.945447 0.013430 0.032028 
1319018032.817043066 -1.259903 0.513462 1.051310 -0.307273 0.950573 0.020096 0.039878 
1319018034.404755116 -1.133202 0.350155 1.024748 -0.322398 0.945618 0.012011 0.041495 
1319018035.595602036 -1.044509 0.217026 1.026971 -0.304379 0.951669 0.014151 0.038465 
1319018036.587953091 -0.971574 0.131584 1.029178 -0.321512 0.945613 0.020373 0.045059 
1319018037.679552078 -0.881942 0.017090 1.028468 -0.301734 0.952116 0.021716 0.044272 
1319018039.366512060 -0.733206 -0.159063 1.031201 -0.315037 0.947958 0.018580 0.042209 
1319018040.458111048 -0.676424 -0.275695 1.023837 -0.298459 0.953229 0.018594 0.043939 
1319018041.450462103 -0.595100 -0.367366 1.000230 -0.315692 0.947506 0.020418 0.046418 
1319018042.542061090 -0.515582 -0.475753 0.985460 -0.297262 0.953667 0.018602 0.042519 
1319018044.129898071 -0.391233 -0.624720 0.962135 -0.312853 0.948235 0.018771 0.051192 
1319018045.221497059 -0.311659 -0.746292 0.958223 -0.296794 0.953266 0.025676 0.050374 
1319018046.312973022 -0.195150 -0.852423 0.959214 -0.311432 0.948236 0.032680 0.052828 
1319018047.702312946 -0.072322 -1.008800 0.944138 -0.298264 0.951402 0.042197 0.063975 
1319018049.190901995 0.067865 -1.146470 0.932083 -0.312525 0.945885 0.053731 0.068866 
1319018050.282377958 0.155367 -1.265276 0.916438 -0.304091 0.947762 0.059531 0.075710 
1319018051.373975039 0.257898 -1.366450 0.902560 -0.317524 0.942650 0.059704 0.083813 
1319018052.366327047 0.339424 -1.480098 0.891368 -0.301126 0.947789 0.063916 0.083266 
1319018053.854914904 0.439195 -1.623325 0.880801 -0.316408 0.942397 0.065762 0.086306 
1319018055.045763969 0.524589 -1.736348 0.851859 -0.300191 0.946495 0.072229 0.093893 
1319018056.038114071 0.605672 -1.822300 0.824667 -0.314342 0.941592 0.069233 0.099003 
1319018057.030463934 0.685942 -1.927597 0.805888 -0.299559 0.946388 0.071942 0.097153 
1319018058.022815943 0.769495 -2.025770 0.781830 -0.301252 0.945136 0.081562 0.096505 
1319018059.610527039 0.881435 -2.176551 0.758503 -0.289760 0.946729 0.087469 0.109962 
1319018060.702126026 0.964710 -2.296347 0.728412 -0.296938 0.944373 0.085923 0.112273 
1319018061.694477081 1.028145 -2.410798 0.722839 -0.285386 0.947897 0.082902 0.114775 
1319018062.885324955 1.114516 -2.537785 0.705016 -0.286544 0.945831 0.093065 0.120975 
1319018064.473036051 1.252928 -2.694660 0.664874 -0.277586 0.948040 0.097473 0.121100 
1319018066.358491898 1.354707 -2.881255 0.658289 -0.280663 0.950286 0.084502 0.105091 
1319018067.549338102 1.441412 -3.004568 0.646771 -0.279375 0.950663 0.089292 0.101079 
1319018068.740183115 1.529932 -3.109120 0.638837 -0.280163 0.951181 0.082045 0.100160 
1319018069.831784010 1.598906 -3.224167 0.643145 -0.275988 0.952714 0.085724 0.093905 
1319018070.923379898 1.681422 -3.336743 0.651148 -0.284110 0.950303 0.085600 0.094219 
1319018072.014978886 1.758073 -3.452247 0.667679 -0.275700 0.953352 0.084999 0.088799 
1319018073.007329941 1.831824 -3.539679 0.673184 -0.286669 0.950468 0.080349 0.089306 
1319018074.694288969 1.936704 -3.709648 0.688199 -0.278804 0.953447 0.081135 0.081386 
1319018076.976735115 2.082861 -3.923937 0.700122 -0.278988 0.953564 0.079770 0.080737 
1319018078.365953922 2.106838 -4.072819 0.727594 -0.221646 0.969298 0.080980 0.069108 
1319018079.755292892 1.925310 -4.183982 0.784915 -0.059796 0.992238 0.080474 0.073562 
1319018080.846892118 1.755466 -4.219628 0.785311 0.051689 0.989850 0.097123 0.089960 
1319018081.938489914 1.578196 -4.264589 0.847234 0.175092 0.976527 0.106675 0.066020 
1319018083.228585958 1.416296 -4.231828 0.939743 0.307358 0.945966 0.085743 0.057690 
1319018084.617799997 1.224922 -4.134481 1.025781 0.421340 0.899298 0.099594 0.061784 
1319018085.808648109 1.172960 -4.092358 1.093702 0.448083 0.885165 0.112782 0.054638 
1319018086.900244951 1.147727 -4.076302 1.119363 0.467243 0.876000 0.103341 0.060236 
1319018087.892596006 1.071070 -4.091024 1.112395 0.469972 0.874820 0.098141 0.064681 
1319018089.381059885 0.899621 -4.161052 1.101008 0.470367 0.873607 0.109128 0.060471 
1319018090.472659111 0.811338 -4.221277 1.092364 0.466387 0.875492 0.106538 0.068174 
1319018091.762753010 0.688957 -4.303401 1.073797 0.464969 0.877468 0.099059 0.063570 
1319018092.854351044 0.567679 -4.367769 1.077495 0.463635 0.877618 0.108078 0.056113 
1319018094.442061901 0.418641 -4.459430 1.089146 0.464363 0.876794 0.103562 0.069815 
1319018095.533660889 0.309523 -4.538602 1.066370 0.456277 0.881181 0.104289 0.066752 
1319018096.625258923 0.186058 -4.609072 1.065726 0.458947 0.880583 0.098613 0.064938 
1319018097.716895103 0.070423 -4.679438 1.059426 0.460001 0.879651 0.098971 0.069416 
1319018099.205446959 -0.092325 -4.794021 1.037621 0.457999 0.880399 0.099370 0.072531 
1319018100.197798967 -0.184538 -4.864113 1.020183 0.460513 0.879156 0.098061 0.073467 
1319018101.289271116 -0.295248 -4.936933 1.011385 0.451557 0.883784 0.095589 0.076713 
1319018102.380870104 -0.412312 -5.006066 1.010354 0.464486 0.876424 0.104206 0.072622 
1319018103.770214081 -0.531250 -5.104587 1.008545 0.454620 0.881388 0.103720 0.075616 
1319018104.961056948 -0.639775 -5.188386 1.006490 0.465278 0.875623 0.104036 0.077310 
1319018106.052655935 -0.744458 -5.271108 0.986822 0.452760 0.882201 0.105969 0.074171 
1319018107.045006990 -0.860752 -5.331688 0.994979 0.467814 0.874194 0.111168 0.067656 
1319018108.632718086 -0.995572 -5.452270 0.987637 0.454797 0.880123 0.114121 0.074297 
1319018109.823564053 -1.117821 -5.533916 0.974531 0.463237 0.875304 0.117854 0.073242 
1319018111.113657951 -1.233410 -5.639571 0.970259 0.454094 0.879896 0.121194 0.069960 
1319018112.205255032 -1.344321 -5.716571 0.985239 0.459684 0.875796 0.127536 0.073531 
1319018113.693720102 -1.473769 -5.827560 0.985636 0.451723 0.880321 0.124348 0.074296 
1319018114.884566069 -1.593464 -5.909874 0.991121 0.456416 0.878034 0.123878 0.073455 
1319018116.075412989 -1.702763 -5.995269 0.992159 0.450884 0.880904 0.123608 0.073710 
1319018117.167009115 -1.814340 -6.066884 0.995802 0.459213 0.876189 0.126315 0.073894 
1319018118.556226015 -1.943315 -6.179372 0.986114 0.451284 0.879988 0.126639 0.076987 
1319018119.747071981 -2.080431 -6.262714 0.985931 0.455831 0.878296 0.121001 0.078563 
1319018120.937917948 -2.187891 -6.345894 0.976749 0.451927 0.879904 0.122722 0.080433 
1319018122.029515982 -2.300067 -6.418309 0.980606 0.461173 0.874494 0.124439 0.084229 
1319018123.418731928 -2.439256 -6.533224 0.972553 0.450223 0.880268 0.121238 0.087912 
1319018124.708826065 -2.584437 -6.632163 0.982124 0.458064 0.876546 0.117134 0.090137 
1319018125.998919010 -2.707726 -6.707144 0.967657 0.455373 0.877632 0.115184 0.095547 
1319018127.189764977 -2.819448 -6.785470 0.967545 0.455325 0.877324 0.117970 0.095207 
1319018128.479733944 -2.954298 -6.899540 0.950674 0.449719 0.880906 0.106811 0.101726 
1319018129.571331978 -3.066829 -6.959377 0.935944 0.453892 0.878899 0.107135 0.100204 
1319018130.662930012 -3.180472 -7.034377 0.922654 0.454527 0.877691 0.102004 0.112512 
1319018131.853775978 -3.314559 -7.117408 0.912736 0.456259 0.876208 0.106604 0.112793 
1319018133.044621944 -3.417555 -7.218727 0.903281 0.451310 0.879765 0.104873 0.106460 
1319018134.830827951 -3.599109 -7.311588 0.899428 0.451054 0.881335 0.090969 0.107349 
1319018136.021676064 -3.731878 -7.374180 0.912102 0.462364 0.876613 0.089156 0.099097 
1319018137.113274097 -3.827729 -7.430433 0.909947 0.455353 0.882052 0.086990 0.084091 
1319018138.403240919 -3.947211 -7.513150 0.916825 0.466564 0.877004 0.082632 0.079708 
1319018139.594085932 -4.066926 -7.582951 0.918283 0.460628 0.880243 0.084982 0.075971 
1319018140.685684919 -4.156332 -7.650689 0.931133 0.471914 0.874448 0.091057 0.065928 
1319018141.777282000 -4.255639 -7.722172 0.921767 0.467604 0.876777 0.092627 0.063479 
1319018142.968127966 -4.354407 -7.782568 0.924294 0.472723 0.874077 0.093638 0.061274 
1319018144.357343912 -4.495007 -7.883362 0.938241 0.464222 0.878094 0.100049 0.058640 
1319018145.647439003 -4.613785 -7.964817 0.959898 0.470458 0.875418 0.099912 0.048280 
1319018146.739036083 -4.705125 -8.036718 0.971415 0.460933 0.880273 0.097379 0.056371 
1319018147.830632925 -4.825898 -7.996746 1.013514 0.536393 0.837227 0.099738 0.037220 
1319018149.517591953 -4.925132 -7.755058 1.069132 0.681426 0.726835 0.077739 0.036418 
1319018150.708437920 -4.987207 -7.558389 1.106955 0.771493 0.629864 0.081887 0.036931 
1319018151.800035954 -5.004427 -7.410576 1.179091 0.836172 0.541915 0.084230 0.007092 
1319018153.387747049 -4.882239 -7.187561 1.244502 0.918275 0.391577 0.058568 -0.002937 
1319018154.677839994 -4.813042 -7.070692 1.270440 0.937585 0.341814 0.063877 -0.004044 
1319018155.769438028 -4.777532 -7.050953 1.301508 0.946637 0.315991 0.061057 -0.017295 
1319018156.960283041 -4.781004 -6.983425 1.301914 0.949184 0.310783 0.047399 -0.014727 
1319018158.250376940 -4.854570 -6.826062 1.309260 0.950391 0.305419 0.057947 -0.010910 
1319018159.639592886 -4.936239 -6.688449 1.319990 0.949427 0.310139 0.048498 -0.007040 
1319018160.731189966 -5.021592 -6.590680 1.309658 0.950560 0.307962 0.039012 -0.008557 
1319018161.822788000 -5.116455 -6.463055 1.314359 0.950777 0.306258 0.046817 -0.006171 
1319018163.013636112 -5.203541 -6.340704 1.336162 0.951001 0.305114 0.050027 0.000328 
1319018164.502096891 -5.313317 -6.219406 1.327906 0.949718 0.310352 0.041173 0.004807 
1319018166.089932919 -5.443925 -6.056457 1.314387 0.951734 0.302190 0.053383 0.005751 
1319018167.677644014 -5.552978 -5.902046 1.298807 0.948225 0.314132 0.045274 0.011828 
1319018168.868489027 -5.649858 -5.787424 1.282183 0.950330 0.308438 0.038371 0.016346 
1319018170.257828951 -5.748657 -5.653531 1.268018 0.948274 0.313336 0.049733 0.011149 
1319018171.448549986 -5.831671 -5.530969 1.267515 0.947881 0.314245 0.050397 0.015236 
1319018172.540148973 -5.920239 -5.426023 1.259462 0.947309 0.317658 0.037808 0.016391 
1319018174.028738976 -6.028320 -5.268174 1.250202 0.946856 0.318206 0.045245 0.012683 
1319018175.318705082 -6.124215 -5.138798 1.259201 0.948340 0.314200 0.041477 0.014483 
1319018176.410301924 -6.206716 -5.028882 1.246788 0.947081 0.318387 0.036084 0.019115 
1319018179.188982964 -6.417638 -4.745159 1.220648 0.945616 0.323192 0.032940 0.016478 
1319018180.379703999 -6.508922 -4.620286 1.209187 0.947615 0.317863 0.026294 0.017247 
1319018181.570549965 -6.613698 -4.511371 1.202820 0.944414 0.326862 0.029849 0.018787 
1319018182.562900066 -6.680560 -4.414968 1.200037 0.945651 0.323741 0.026256 0.015697 
1319018184.051487923 -6.807901 -4.267718 1.189882 0.944167 0.328036 0.018515 0.024461 
1319018185.242332935 -6.871753 -4.137288 1.183749 0.949888 0.311446 0.020241 0.017430 
1319018186.830044985 -6.715922 -3.965330 1.196472 0.990845 0.134194 0.007586 0.012681 
1319018187.822396040 -6.576599 -3.934535 1.146755 0.998634 0.051142 -0.005840 0.008973 
1319018189.013240099 -6.368408 -3.864288 1.130214 0.996053 -0.085912 0.014804 0.016687 
1319018190.104836941 -6.221707 -3.870221 1.160384 0.981253 -0.191481 0.020518 -0.007537 
1319018191.097187996 -6.071821 -3.934531 1.137375 0.954525 -0.297184 0.006450 -0.022846 
1319018192.188786983 -5.906246 -4.019474 1.111242 0.918559 -0.395034 -0.005309 -0.013024 
1319018193.181135893 -5.861289 -4.074992 1.108243 0.901767 -0.432014 -0.001719 -0.013295 
1319018194.570350885 -5.856293 -4.169410 1.094134 0.882849 -0.468319 -0.004524 -0.035128 
1319018195.661947966 -5.777242 -4.152642 1.077854 0.882149 -0.470237 -0.000158 -0.026264 
1319018196.753546000 -5.660993 -4.104042 1.086727 0.876995 -0.480230 0.010027 -0.012571 
1319018197.845144987 -5.593033 -4.063586 1.088672 0.879692 -0.475009 -0.004181 -0.022128 
1319018199.333606958 -5.459792 -3.971705 1.074416 0.878005 -0.477788 -0.001020 -0.028727 
1319018200.425206900 -5.327365 -3.909078 1.080882 0.881807 -0.471308 0.005224 -0.016048 
1319018201.516803026 -5.232553 -3.854409 1.086449 0.878851 -0.476580 -0.007040 -0.021056 
1319018202.707649946 -5.114980 -3.770462 1.073676 0.883420 -0.467430 -0.014530 -0.029438 
1319018206.577802896 -4.735817 -3.561039 1.063921 0.884236 -0.466264 0.003703 -0.026657 
1319018207.669399023 -4.632988 -3.473201 1.057716 0.888426 -0.458179 0.012759 -0.024674 
1319018208.959491968 -4.510747 -3.386033 1.073384 0.885200 -0.464455 0.006499 -0.025675 
1319018210.150336981 -4.385051 -3.307930 1.070265 0.889056 -0.457159 0.006426 -0.023310 
1319018211.142687082 -4.281946 -3.239226 1.077811 0.885812 -0.463443 0.007969 -0.022243 
1319018212.234286070 -4.185858 -3.156295 1.082276 0.891895 -0.451596 0.006949 -0.023154 
1319018213.623500109 -4.056785 -3.050959 1.079458 0.887282 -0.460659 0.004244 -0.022515 
1319018215.012841940 -3.930255 -2.949045 1.073645 0.889503 -0.456606 0.001674 -0.017132 
1319018216.104438066 -3.820955 -2.871687 1.079110 0.886176 -0.463044 -0.004742 -0.016113 
1319018217.196034908 -3.723239 -2.773848 1.079487 0.890333 -0.455110 -0.005504 -0.012301 
1319018218.486001968 -3.601651 -2.680813 1.088421 0.887221 -0.461244 0.000027 -0.009644 
1319018219.776096106 -3.476790 -2.592867 1.091214 0.889713 -0.456380 -0.005793 -0.009779 
1319018220.867692947 -3.375352 -2.519647 1.090771 0.888916 -0.457986 -0.002608 -0.008329 
1319018223.844743013 -3.098499 -2.304185 1.104046 0.892187 -0.451638 0.002150 -0.004613 
1319018225.035588026 -2.988460 -2.225586 1.095199 0.888315 -0.459207 0.002433 -0.004447 
1319018226.127186060 -2.884159 -2.134712 1.090944 0.893029 -0.449971 0.004169 -0.002699 
1319018227.317907095 -2.755237 -2.056255 1.101265 0.888529 -0.458733 0.003094 -0.008434 
1319018228.806493044 -2.592994 -1.951958 1.098150 0.892727 -0.450362 -0.004737 -0.013804 
1319018230.394202948 -2.435488 -1.820369 1.094555 0.891733 -0.452252 -0.011537 -0.012109 
1319018231.882791042 -2.294549 -1.685666 1.117160 0.889223 -0.456715 -0.022652 -0.013439 
1319018232.974389076 -2.158971 -1.628172 1.094871 0.891638 -0.452008 -0.013846 -0.021874 
1319018233.966738939 -2.051710 -1.565694 1.092575 0.890026 -0.455316 -0.011692 -0.020121 
1319018235.058336020 -1.959600 -1.486402 1.085390 0.889907 -0.455419 -0.017267 -0.018971 
1319018236.050685883 -1.867620 -1.404542 1.066757 0.892284 -0.450085 -0.022523 -0.027324 
1319018237.638396025 -1.699792 -1.290121 1.051778 0.891566 -0.452106 -0.009673 -0.024847 
1319018239.027735949 -1.560400 -1.211616 1.054844 0.886321 -0.461629 -0.024575 -0.027029 
1319018240.317703962 -1.446480 -1.108957 1.052654 0.892888 -0.448898 -0.021405 -0.027975 
1319018241.409301996 -1.340924 -1.013523 1.057325 0.890797 -0.453467 -0.014575 -0.025223 
1319018243.394001007 -1.159941 -0.877155 1.046983 0.889864 -0.454482 -0.029817 -0.026435 
1319018244.386351109 -1.044957 -0.812352 1.021222 0.890230 -0.453669 -0.027446 -0.030369 
1319018245.577194929 -0.920687 -0.724870 1.020239 0.888791 -0.456907 -0.016875 -0.031652 
1319018248.157380104 -0.685578 -0.565552 1.019067 0.886553 -0.461789 -0.009341 -0.026210 
1319018249.248977900 -0.587228 -0.480113 1.030171 0.889930 -0.455543 -0.003444 -0.022220 
1319018250.340451002 -0.489636 -0.407868 1.030130 0.886298 -0.462509 0.002354 -0.023583 
1319018251.332799911 -0.396661 -0.348008 1.036445 0.888293 -0.458723 0.001557 -0.022523 
1319018252.821388006 -0.245322 -0.254031 1.055626 0.884376 -0.466408 0.001263 -0.018488 
1319018253.813738108 -0.150841 -0.178220 1.063878 0.889540 -0.456391 0.003193 -0.020379 
1319018254.905334949 -0.054610 -0.100348 1.072969 0.887715 -0.459787 0.006398 -0.022744 
1319018256.096179962 -0.082675 0.040284 1.089991 0.935400 -0.352844 0.016748 -0.015706 
1319018259.073229074 -0.519208 0.222243 1.150866 0.999188 -0.036093 0.013963 -0.011248 
1319018260.164825916 -0.661681 0.223986 1.202889 0.995977 0.082753 0.034008 0.004948 
1319018261.157176018 -0.775683 0.158639 1.219972 0.981370 0.190574 0.016994 0.017495 
1319018262.943381071 -0.919300 0.074872 1.219241 0.967222 0.253346 0.014358 0.009612 
1319018265.424192905 -1.064855 0.164848 1.212320 0.962412 0.270621 0.006613 0.021998 
1319018266.416542053 -1.148517 0.246542 1.194006 0.960781 0.276342 0.006772 0.022100 
1319018269.195221901 -1.371549 0.537067 1.179377 0.961186 0.275129 0.003313 0.020367 
1319018271.775280952 -1.584623 0.806162 1.143850 0.961879 0.272258 0.008504 0.024326 
1319018274.454587936 -1.793009 1.088708 1.125772 0.962805 0.268284 0.009898 0.030543 
1319018275.546185017 -1.859169 1.183415 1.132346 0.962343 0.269730 0.007944 0.032850 
1319018276.935524940 -1.949101 1.328334 1.139548 0.963706 0.265283 0.005016 0.029515 
1319018278.225616932 -2.035814 1.493830 1.144680 0.963325 0.267051 0.009286 0.024551 
1319018279.416337013 -2.111181 1.601065 1.145276 0.967858 0.250407 0.000677 0.023380 
1319018280.408687115 -2.178077 1.692420 1.133372 0.967965 0.249347 -0.003167 0.029319 
1319018281.798026085 -2.253912 1.828467 1.119687 0.971778 0.233430 0.016904 0.029517 
1319018283.187366009 -2.345875 1.968193 1.113941 0.970046 0.240022 0.015317 0.034150 
1319018284.278837919 -2.434177 2.092651 1.108453 0.972244 0.230630 0.006271 0.038889 
1319018285.370434999 -2.488119 2.225501 1.101254 0.969786 0.241230 0.014350 0.033433 
1319018286.462033033 -2.534578 2.342874 1.124284 0.972599 0.230007 0.016095 0.029818 
1319018287.851372004 -2.607224 2.496543 1.141617 0.970332 0.240109 0.007141 0.027443 
1319018289.141464949 -2.671743 2.645773 1.144882 0.972815 0.230086 0.012019 0.023395 
1319018290.233061075 -2.742274 2.779596 1.134207 0.970417 0.240157 0.005082 0.024285 
1319018291.324534893 -2.791451 2.901495 1.132409 0.973247 0.228744 -0.001641 0.021548 
1319018292.614624977 -2.852936 3.054301 1.115904 0.971757 0.235517 0.000874 0.014821 
1319018293.904722929 -2.917302 3.197586 1.150537 0.973792 0.226706 -0.002951 0.018045 
1319018295.194809914 -2.983802 3.305946 1.286059 0.973127 0.228560 -0.019140 0.020448 
1319018296.286281109 -3.067866 3.455428 1.469849 0.972523 0.231367 -0.015379 0.020796 
1319018297.278630972 -3.111296 3.581892 1.635209 0.974586 0.223894 0.004016 0.006099 
1319018298.469497919 -3.155107 3.588547 1.740090 0.971780 0.233059 0.035651 0.007434 
