1319017533.662816 -4883.184550 -5949.034702 -997.111599 -0.158215 0.080682 1.892663
1319017534.952914 -4851.743930 -5849.842264 -891.383933 -0.139103 0.118303 2.094855
1319017535.945269 -4811.806011 -5738.120963 -838.267333 -0.093118 0.098127 2.310682
1319017537.136120 -4743.774205 -5615.076452 -789.787743 -0.064378 0.087514 2.574823
1319017539.616946 -4535.997015 -5444.929053 -795.131828 0.009638 0.098205 3.112188
1319017540.708550 -4402.750084 -5425.206736 -814.102190 0.060487 0.087961 3.360351
1319017541.800153 -4268.897061 -5459.114368 -823.468783 0.078794 0.073913 3.601980
1319017542.891757 -4150.075817 -5527.228319 -813.432863 0.083477 0.049271 3.851431
1319017543.983360 -4063.917031 -5613.281778 -781.400434 0.096447 0.003059 4.078886
1319017545.868823 -3999.889078 -5713.723633 -738.918645 0.116518 -0.021524 4.245039
1319017547.059675 -3963.946272 -5746.416458 -724.317583 0.104935 -0.018986 4.286255
1319017548.250401 -3909.329172 -5724.016214 -712.277883 0.104402 -0.022393 4.283476
1319017550.135988 -3766.773680 -5678.312484 -694.238885 0.112974 -0.045103 4.282440
1319017551.326715 -3649.343355 -5638.803594 -702.519844 0.125449 -0.054949 4.270950
1319017554.006162 -3404.947867 -5548.507145 -711.728354 0.150965 -0.098113 4.252471
1319017555.494632 -3298.648609 -5493.185947 -711.808114 0.153267 -0.099715 4.229218
1319017556.784731 -3211.900082 -5447.667244 -707.232003 0.164620 -0.095591 4.224744
1319017557.876334 -3136.748434 -5413.831403 -705.444860 0.167475 -0.091294 4.211783
1319017559.563303 -3018.195859 -5337.227782 -699.803084 0.166168 -0.074888 4.186604
1319017560.754152 -2937.092083 -5274.147142 -706.330871 0.163417 -0.073508 4.179812
1319017561.845756 -2896.470289 -5206.862620 -712.188061 0.165833 -0.038359 4.078477
1319017562.937358 -2953.622969 -5126.803466 -741.174103 0.155763 0.025990 3.825691
1319017564.624324 -3127.805333 -5037.888426 -783.769138 0.155403 0.020378 3.452776
1319017565.715928 -3237.557821 -4982.824675 -830.727222 0.122571 0.087047 3.224995
1319017566.807531 -3349.095203 -4995.790184 -887.863286 0.051939 0.136610 2.982252
1319017567.899134 -3461.555602 -5059.988384 -905.917200 0.021051 0.119410 2.756958
1319017569.486854 -3540.637828 -5114.146118 -906.411778 0.018039 0.122516 2.645200
1319017571.074697 -3604.380224 -5097.915979 -920.536976 0.000760 0.140312 2.604253
1319017572.166301 -3663.883403 -5046.848291 -920.861728 0.003587 0.127047 2.590754
1319017573.754017 -3757.563931 -4924.243626 -934.969203 0.002639 0.110418 2.600714
1319017575.143364 -3849.226867 -4836.354913 -944.381739 -0.023761 0.103716 2.594030
1319017576.631834 -3938.140772 -4743.495587 -936.868264 -0.018923 0.091876 2.606140
1319017577.723437 -3994.688131 -4650.614255 -928.367466 -0.012336 0.092862 2.610556
1319017578.914288 -4055.205844 -4555.581550 -929.008592 -0.021792 0.090590 2.618961
1319017580.105139 -4120.760164 -4476.064627 -920.115531 -0.032143 0.078588 2.623303
1319017581.692857 -4205.427836 -4354.686908 -914.170689 -0.030975 0.084673 2.617998
1319017582.784461 -4254.843906 -4270.933406 -916.002502 -0.035645 0.083236 2.632589
1319017583.975312 -4311.447723 -4188.708362 -905.344008 -0.045320 0.070486 2.619085
1319017585.463781 -4385.400841 -4078.761547 -886.718618 -0.035356 0.077953 2.631785
1319017586.555387 -4427.704863 -4002.653940 -885.036059 -0.037728 0.078861 2.624512
1319017587.746235 -4476.069418 -3914.483296 -881.888321 -0.038818 0.069535 2.642497
1319017588.837839 -4528.908349 -3836.165329 -881.389178 -0.038982 0.068871 2.629137
1319017590.028689 -4584.316438 -3743.118069 -884.440434 -0.035628 0.067726 2.644165
1319017591.417911 -4640.792869 -3634.237614 -877.844743 -0.038518 0.058811 2.637435
1319017592.708080 -4696.467034 -3534.333296 -876.817446 -0.037736 0.049912 2.637789
1319017593.998109 -4751.015847 -3429.063581 -872.187136 -0.029698 0.047685 2.644963
1319017595.387331 -4821.938601 -3321.035001 -865.556342 -0.039735 0.033059 2.629441
1319017596.776677 -4884.467883 -3217.309790 -853.654833 -0.042159 0.028496 2.643163
1319017598.066777 -4936.180150 -3122.452811 -845.530509 -0.038673 0.032580 2.630225
1319017599.158379 -4976.940792 -3036.003700 -841.611037 -0.039830 0.029003 2.638166
1319017600.448355 -5024.791120 -2941.895782 -838.031298 -0.034394 0.031458 2.624769
1319017601.837700 -5082.062771 -2837.071366 -831.277585 -0.030920 0.027245 2.624409
1319017602.929303 -5140.940199 -2759.124799 -824.232068 -0.030861 0.021322 2.624163
1319017604.020906 -5187.842529 -2666.328902 -816.927884 -0.028382 0.020308 2.630665
1319017605.509375 -5246.273024 -2551.558531 -812.024873 -0.026655 0.009505 2.636885
1319017606.700226 -5284.573882 -2463.617453 -804.923141 -0.020896 0.007431 2.630120
1319017607.891077 -5338.507449 -2375.190309 -803.511790 -0.019614 0.013115 2.642764
1319017609.081927 -5391.624173 -2285.059106 -799.759018 -0.024142 0.014998 2.632294
1319017610.570397 -5459.979708 -2173.365298 -794.057790 -0.023423 0.000363 2.648850
1319017611.662000 -5508.950429 -2086.122987 -787.912646 -0.021140 -0.002563 2.634269
1319017613.051349 -5550.576041 -1986.624414 -795.724839 -0.018152 0.019913 2.651748
1319017614.142949 -5594.829552 -1907.742042 -796.030099 -0.015266 0.019952 2.627362
1319017615.631419 -5647.317788 -1780.708506 -785.880740 0.002445 0.014656 2.632287
1319017617.120013 -5709.397850 -1648.931292 -781.865346 0.020804 -0.014360 2.626483
1319017618.211618 -5757.682343 -1563.730968 -780.868075 0.022180 -0.024721 2.613445
1319017619.501590 -5808.638258 -1464.166932 -777.521338 0.031367 -0.032046 2.622212
1319017621.188680 -5883.504537 -1332.901363 -774.327353 0.031346 -0.045532 2.606045
1319017623.669504 -5995.809970 -1127.919793 -761.155910 0.038248 -0.070374 2.605699
1319017624.860355 -6051.966521 -1037.627866 -748.739547 0.030856 -0.083609 2.608424
1319017626.448072 -6133.853495 -920.407884 -737.368893 0.033278 -0.074006 2.607832
1319017627.638922 -6174.407522 -839.175959 -735.513326 0.037812 -0.072544 2.592358
1319017628.730525 -6221.667132 -768.274126 -736.408575 0.029795 -0.064598 2.608789
1319017630.516738 -6293.393298 -651.446701 -741.762991 0.036068 -0.017524 2.604762
1319017631.707589 -6256.703636 -551.341591 -743.666624 0.038538 -0.027096 2.805575
1319017632.898439 -6128.056223 -503.923876 -719.758303 0.031419 -0.074995 3.054139
1319017634.089290 -5981.640055 -476.066977 -683.648382 0.004652 -0.102338 3.313426
1319017635.180892 -5876.997877 -468.150706 -676.669444 -0.003613 -0.053870 3.534982
1319017636.867858 -5730.937524 -572.179202 -685.757044 0.010462 -0.054310 3.890683
1319017637.959459 -5671.515940 -629.190966 -675.505350 -0.000045 -0.053768 3.974999
1319017639.150313 -5645.951977 -647.567389 -680.809996 0.012396 -0.041482 4.030856
1319017640.241915 -5597.000223 -634.296036 -674.199978 0.027568 -0.056284 4.047553
1319017642.028128 -5447.635003 -556.814268 -662.713176 0.025671 -0.083845 4.059781
1319017643.119728 -5376.730556 -494.317817 -664.058522 0.028457 -0.100152 4.042302
1319017644.112085 -5309.261125 -435.410027 -665.582759 0.037353 -0.109008 4.043315
1319017645.699800 -5155.910641 -397.131528 -654.390043 0.106182 -0.075514 4.023219
1319017646.989898 -5059.800592 -319.653144 -662.741095 0.105495 -0.091298 4.011176
1319017648.081501 -4998.343678 -258.331650 -647.454608 0.126484 -0.108877 3.985058
1319017649.173103 -4904.318485 -171.629357 -640.313483 0.130743 -0.113969 3.959668
1319017650.165458 -4821.033695 -112.492770 -643.140406 0.134546 -0.110027 3.926271
1319017651.554681 -4718.284943 -242.425473 -661.307483 0.147530 -0.079385 4.206205
1319017652.745529 -4664.478526 -412.553638 -632.599623 0.176454 -0.135027 4.441431
1319017653.936378 -4554.878061 -449.573761 -555.368937 -0.083642 -0.242070 -1.507129
1319017655.027981 -4540.243637 -513.843916 -551.645428 -0.197803 -0.141809 -1.270733
1319017656.615698 -4629.733017 -677.722903 -577.250018 -0.233600 -0.090609 -0.904222
1319017657.806548 -4741.345984 -795.907021 -603.667206 -0.205293 -0.013296 -0.701654
1319017658.997399 -4788.095255 -835.097530 -620.951509 -0.182549 0.035913 -0.625635
1319017659.989755 -4804.403212 -862.003107 -625.306304 -0.180444 0.042564 -0.587820
1319017661.180603 -4785.497336 -926.763327 -631.522760 -0.191424 0.035237 -0.572335
1319017662.569825 -4749.159641 -1034.001300 -648.738771 -0.175263 0.045841 -0.549465
1319017663.661427 -4695.483030 -1112.986123 -658.241525 -0.174114 0.023212 -0.552033
1319017664.753029 -4660.206216 -1196.769629 -670.729577 -0.157439 0.029880 -0.533691
1319017665.745385 -4626.132923 -1277.237290 -685.607835 -0.148180 0.037736 -0.547552
1319017667.531596 -4594.524147 -1407.668137 -715.021478 -0.114842 0.050818 -0.536412
1319017668.623198 -4571.398360 -1488.476101 -721.459265 -0.082448 0.053478 -0.545552
1319017671.302517 -4494.832215 -1710.086143 -755.135633 -0.037544 0.038834 -0.546075
1319017672.791111 -4427.648254 -1816.631720 -760.245963 -0.041131 0.029870 -0.558055
1319017673.882713 -4372.714768 -1904.672402 -768.554583 -0.037663 0.027691 -0.548807
1319017674.875067 -4339.598863 -1968.388569 -773.296022 -0.039553 0.029321 -0.564365
1319017676.462784 -4269.443703 -2081.198223 -763.248384 -0.039195 0.000701 -0.560199
1319017677.653634 -4212.379176 -2165.470381 -758.484807 -0.039217 -0.002490 -0.583911
1319017678.745236 -4159.964642 -2247.348160 -758.445139 -0.035079 -0.007242 -0.578283
1319017680.035336 -4104.953844 -2348.415172 -752.906517 -0.025183 -0.021483 -0.600742
1319017681.126936 -4051.491387 -2428.611119 -745.675696 -0.020876 -0.033773 -0.588038
1319017682.615407 -3970.364167 -2543.590875 -736.350387 -0.018644 -0.055765 -0.601921
1319017684.897857 -3858.009344 -2724.680620 -710.869998 -0.008843 -0.093227 -0.607122
1319017686.386325 -3789.919258 -2829.069376 -698.148344 -0.008041 -0.097716 -0.598858
1319017687.577177 -3729.054322 -2915.366648 -694.569316 -0.003671 -0.095775 -0.599328
1319017688.668777 -3668.979271 -2994.641269 -689.316954 -0.013200 -0.097488 -0.599107
1319017692.142079 -3450.250450 -3228.203685 -664.279269 -0.055749 -0.138050 -0.611448
1319017693.233681 -3388.453081 -3318.423188 -652.931689 -0.060754 -0.144567 -0.608321
1319017694.424407 -3337.428108 -3398.526918 -648.047168 -0.052857 -0.152099 -0.622219
1319017696.111495 -3246.756409 -3522.114930 -635.563185 -0.044089 -0.151986 -0.631558
1319017698.493070 -3128.440576 -3699.055933 -626.408136 -0.025855 -0.156582 -0.635963
1319017699.584672 -3080.527604 -3779.398545 -624.809026 -0.017511 -0.160377 -0.624746
1319017701.966374 -2980.209737 -3970.042897 -619.332168 0.024928 -0.156055 -0.625058
1319017703.057973 -2927.796324 -4049.981992 -621.012560 0.020132 -0.165842 -0.638845
1319017704.546441 -2849.616117 -4165.731624 -611.094589 0.045007 -0.186492 -0.637410
1319017705.737291 -2782.086040 -4256.051932 -605.985322 0.054344 -0.185570 -0.652900
1319017706.928141 -2723.807561 -4344.082607 -601.346974 0.051713 -0.199693 -0.639504
1319017708.019745 -2667.282722 -4421.800293 -593.010828 0.054303 -0.207559 -0.651981
1319017709.111344 -2606.407361 -4498.090766 -580.726795 0.065303 -0.216454 -0.639568
1319017710.202946 -2548.542522 -4590.910059 -569.623657 0.076874 -0.230386 -0.646418
1319017711.691415 -2469.304163 -4698.199767 -554.996006 0.056136 -0.251040 -0.624872
1319017712.783017 -2403.598578 -4768.400409 -545.640698 0.055063 -0.280911 -0.641850
1319017713.775370 -2346.459027 -4837.526039 -531.458067 0.053524 -0.278375 -0.619597
1319017716.653186 -2203.755392 -5030.820781 -504.480785 0.034167 -0.292994 -0.619568
1319017718.042529 -2130.585872 -5120.005907 -481.227689 0.034650 -0.296518 -0.615193
1319017719.233379 -2058.166994 -5206.241311 -466.673853 0.029041 -0.297647 -0.634883
1319017720.424104 -1953.624694 -5153.978393 -487.872663 0.081600 -0.269653 -0.920502
1319017721.714201 -1876.366498 -5038.595429 -516.314448 0.126602 -0.285504 -1.194120
1319017722.706555 -1818.396459 -4928.266412 -544.174937 0.209700 -0.240809 -1.431638
1319017724.393519 -1799.116472 -4786.217852 -645.451641 0.216550 -0.098628 4.514367
1319017725.584368 -1854.117467 -4696.156142 -708.350377 0.229247 -0.081976 4.319404
1319017726.675970 -1887.290558 -4648.845296 -740.515296 0.251213 -0.075721 4.258002
1319017727.668323 -1885.133312 -4605.339060 -750.764842 0.248474 -0.049013 4.204971
1319017728.859173 -1830.603970 -4553.011108 -767.525046 0.223785 -0.036976 4.211767
1319017730.446889 -1749.680677 -4480.256844 -764.896278 0.239799 -0.079561 4.208063
1319017731.637739 -1647.167779 -4423.759302 -752.406022 0.238396 -0.074805 4.243739
1319017732.729340 -1562.279562 -4388.659593 -741.171346 0.227535 -0.071731 4.251607
1319017734.217933 -1467.547599 -4328.470134 -719.342058 0.220475 -0.114427 4.264130
1319017735.309409 -1380.240616 -4283.429556 -702.243462 0.236116 -0.108738 4.286229
1319017736.500259 -1274.907235 -4252.861377 -693.379504 0.234239 -0.103726 4.311542
1319017737.591861 -1191.482329 -4225.904256 -681.265321 0.219661 -0.129320 4.325114
1319017739.278824 -1074.587186 -4155.450843 -653.737710 0.225913 -0.122260 4.318560
1319017740.469673 -1101.835805 -4050.726720 -685.777378 0.241410 -0.041569 4.068647
1319017741.462027 -1168.893056 -3988.934925 -711.132647 0.214923 -0.017622 3.855693
1319017744.042222 -1423.425964 -3819.041514 -854.289637 0.156588 0.113408 3.306865
1319017745.332194 -1576.256847 -3842.642911 -937.729074 0.067594 0.163880 3.007986
1319017746.423798 -1716.392877 -3914.238829 -987.135725 0.024719 0.150377 2.774926
1319017747.614645 -1802.887569 -3969.048156 -1023.226947 0.007878 0.154054 2.673194
1319017749.301609 -1849.995405 -3987.536622 -1068.860770 -0.025670 0.179025 2.597211
1319017750.492458 -1926.991656 -3949.598608 -1084.500065 -0.032711 0.139991 2.585712
1319017751.584059 -1992.792935 -3875.023373 -1070.263338 -0.004915 0.145387 2.566914
1319017752.675661 -2057.487592 -3779.697270 -1060.382611 -0.009631 0.144650 2.586800
1319017754.263502 -2138.059892 -3659.327162 -1038.942683 -0.036032 0.105244 2.583935
1319017755.454226 -2231.905297 -3561.233679 -1010.277352 -0.027506 0.100482 2.588607
1319017756.645075 -2314.947119 -3458.731618 -968.903188 -0.024508 0.086679 2.589766
1319017757.736677 -2350.369836 -3370.128119 -938.472526 -0.029835 0.064535 2.606966
1319017759.324392 -2445.357266 -3235.618974 -907.409588 -0.035909 0.060188 2.612283
1319017760.515241 -2501.641046 -3158.051959 -902.254738 -0.029408 0.051952 2.605852
1319017761.606842 -2565.326924 -3077.256992 -892.025773 -0.036860 0.052926 2.611658
1319017762.797691 -2628.464599 -2981.907063 -885.598596 -0.052528 0.061071 2.611611
1319017764.385408 -2715.639092 -2873.225336 -873.951535 -0.056555 0.040253 2.625889
1319017765.973248 -2786.405232 -2756.929101 -865.619188 -0.059954 0.046969 2.612858
1319017768.454071 -2889.350123 -2575.983269 -853.610058 -0.060868 0.040018 2.609086
1319017769.644918 -2937.999040 -2483.277468 -844.447104 -0.051019 0.038369 2.621718
1319017770.736519 -2983.286596 -2404.959418 -840.220930 -0.054331 0.041385 2.605986
1319017771.828120 -3024.141957 -2323.725075 -840.482514 -0.054038 0.045126 2.626808
1319017773.018969 -3081.447779 -2247.196911 -837.855249 -0.052498 0.037818 2.602881
1319017774.408191 -3134.450623 -2146.826194 -830.648526 -0.046767 0.039481 2.621483
1319017775.499790 -3182.724616 -2067.447450 -827.932380 -0.051671 0.032229 2.605589
1319017776.690640 -3241.668280 -1961.565475 -819.604057 -0.048525 0.016205 2.625202
1319017778.278480 -3298.315936 -1839.854458 -812.496613 -0.032240 0.006712 2.617142
1319017779.369956 -3342.061025 -1743.649958 -797.609535 -0.027529 -0.018848 2.623856
1319017780.461556 -3390.263179 -1649.317330 -790.060893 -0.012250 -0.026723 2.610368
1319017781.553158 -3455.039444 -1537.271193 -784.070005 -0.015256 -0.061642 2.607399
1319017782.942512 -3515.523383 -1405.966537 -760.429409 0.013346 -0.099409 2.574164
1319017785.423324 -3662.289388 -1137.325572 -694.954323 0.054533 -0.205525 2.531285
1319017786.713420 -3701.929940 -1049.250230 -664.729686 0.070672 -0.203719 2.527696
1319017787.705773 -3758.096169 -997.504673 -643.438109 0.062383 -0.203070 2.531164
1319017789.491985 -3839.599517 -876.556938 -608.051178 0.065214 -0.209500 2.535192
1319017790.782081 -3892.748870 -795.896825 -583.767220 0.055218 -0.211560 2.567244
1319017791.972930 -3961.635422 -710.166958 -552.483912 0.061845 -0.202532 2.557310
1319017793.362149 -4028.128574 -640.943199 -520.787797 0.028497 -0.170485 2.595363
1319017794.850742 -4091.236065 -535.624950 -508.106961 0.011008 -0.196378 2.597115
1319017795.942343 -4136.277014 -443.347835 -517.682543 0.021580 -0.132045 2.616262
1319017797.033944 -4165.587993 -387.514349 -544.510700 0.026973 -0.088806 2.624235
1319017798.224792 -4210.637141 -317.954904 -534.846477 0.007819 -0.029120 2.633570
1319017800.606365 -4287.313969 -212.563735 -547.876299 -0.011892 0.040213 2.657712
1319017801.797214 -4358.261880 -132.987367 -576.331346 -0.032101 0.082890 2.652347
1319017802.888815 -4402.056938 -62.159378 -625.668249 -0.053308 0.112808 2.665762
1319017804.377282 -4471.195553 11.403240 -669.909345 -0.080152 0.118491 2.655797
1319017805.568131 -4524.571083 103.587112 -692.814248 -0.074748 0.115393 2.648955
1319017806.659734 -4631.111321 195.007428 -735.542018 -0.134381 0.084227 2.617259
1319017807.949828 -4669.880763 293.504093 -761.689409 -0.117905 0.080857 2.621645
1319017809.339047 -4671.184073 415.402191 -787.256439 -0.112870 0.070103 2.787437
1319017810.331401 -4577.266550 456.235612 -800.619858 -0.085991 0.085863 3.010457
1319017811.522249 -4466.852734 484.502474 -808.520808 -0.096099 0.052213 3.252817
1319017812.713098 -4360.502363 522.355135 -824.609125 -0.108090 0.082976 3.523468
1319017814.102442 -4248.668197 482.207643 -874.643231 -0.034996 0.074384 3.807735
1319017815.293166 -4164.430010 429.977999 -899.097314 -0.042327 0.067358 3.940664
1319017816.484016 -4109.483862 407.665895 -918.868622 -0.042477 0.076912 3.988687
1319017818.964959 -3976.733828 482.149761 -932.701197 -0.018633 0.045686 4.002858
1319017820.155808 -3899.612526 548.253315 -938.505474 -0.040456 0.061339 3.995683
1319017821.247409 -3836.733875 611.788572 -915.855786 -0.038322 0.059107 3.977887
1319017824.025972 -3679.297133 810.129736 -863.297315 -0.074099 0.022236 3.969066
1319017825.216821 -3603.044797 878.713873 -872.429176 -0.076062 0.043734 3.965079
1319017826.308297 -3541.982898 950.091890 -882.145569 -0.084952 0.022715 3.948636
1319017827.499145 -3471.706870 1037.508634 -884.359115 -0.090432 0.017803 3.926680
1319017828.789242 -3379.322133 1003.745077 -901.610164 -0.075598 0.071868 4.139364
1319017829.980090 -3319.552550 890.076179 -872.506410 -0.045774 0.014438 4.402503
1319017831.071690 -3258.033543 792.271618 -844.170909 -0.049886 0.024044 4.615443
1319017832.163291 -3207.300684 676.219129 -859.738658 -0.032469 0.092237 -1.430685
1319017833.354015 -3238.331700 532.139894 -860.644664 0.004817 0.043386 -1.173609
1319017834.743359 -3299.483709 373.127678 -830.605991 0.015358 0.003940 -0.871582
1319017835.834960 -3355.578727 293.990260 -813.987024 0.048666 0.005592 -0.706023
1319017837.025810 -3415.492159 278.164780 -801.233652 0.041971 -0.002955 -0.636672
1319017839.605875 -3381.688335 121.686899 -780.243695 0.036937 -0.015788 -0.599848
1319017840.796724 -3340.682520 45.741759 -784.635751 0.043582 -0.039146 -0.588240
1319017841.888324 -3283.061947 -54.702107 -787.985237 0.037517 -0.037544 -0.591329
1319017843.079173 -3231.829676 -137.400348 -805.999141 0.040702 -0.030963 -0.603986
1319017845.063878 -3150.575325 -290.067110 -803.817725 0.050035 -0.049947 -0.630887
1319017846.155479 -3088.397400 -379.510444 -802.214357 0.055296 -0.044797 -0.613919
1319017847.247080 -3030.925967 -454.965548 -801.730493 0.051555 -0.052572 -0.643793
1319017848.437802 -2984.253129 -544.008851 -797.732847 0.050599 -0.065783 -0.623918
1319017849.628651 -2909.669782 -629.676323 -791.069047 0.047369 -0.065746 -0.651872
1319017850.819500 -2836.945008 -724.974330 -786.181517 0.044490 -0.066292 -0.630430
1319017852.010348 -2774.142658 -805.176780 -778.484088 0.037454 -0.071243 -0.652934
1319017854.094303 -2653.376488 -958.470589 -763.594954 0.024555 -0.080214 -0.642250
1319017855.384272 -2567.130501 -1035.210741 -758.015528 0.019882 -0.085548 -0.645420
1319017856.475873 -2518.619591 -1115.409769 -755.852505 0.020689 -0.082540 -0.637711
1319017857.567473 -2464.328944 -1181.730547 -752.511155 0.013153 -0.078525 -0.657206
1319017858.956817 -2393.040810 -1277.844474 -741.735095 0.010055 -0.077201 -0.641635
1319017860.048417 -2329.481058 -1345.894877 -730.351477 0.014886 -0.083014 -0.655597
1319017861.040772 -2280.100799 -1412.835951 -724.642622 0.013735 -0.071116 -0.633953
1319017862.231618 -2224.603285 -1489.834602 -718.396682 0.014793 -0.071779 -0.656904
1319017863.323094 -2180.580075 -1565.631882 -713.883491 0.007809 -0.068569 -0.627226
1319017865.407047 -2060.325627 -1699.738965 -712.695569 0.013452 -0.081196 -0.629293
1319017866.597894 -1993.945766 -1792.018363 -715.985807 0.009375 -0.075488 -0.644900
1319017867.689495 -1934.072494 -1863.601113 -722.206929 0.003479 -0.086372 -0.628709
1319017869.178086 -1850.803973 -1968.060380 -706.604838 0.008047 -0.108439 -0.642128
1319017870.269687 -1784.555813 -2051.098248 -695.216296 0.003251 -0.101851 -0.623754
1319017871.460411 -1725.594057 -2137.794282 -686.294223 -0.001431 -0.110506 -0.640384
1319017872.552011 -1672.189966 -2207.398213 -678.203310 0.001797 -0.132939 -0.627588
1319017875.132202 -1522.903174 -2402.760641 -661.100779 0.009399 -0.143951 -0.631662
1319017876.223803 -1470.041309 -2477.902871 -656.667806 0.006874 -0.160319 -0.647435
1319017877.315279 -1404.117332 -2552.670273 -643.208949 0.004202 -0.185111 -0.639119
1319017880.292335 -1224.352141 -2780.232851 -595.809744 -0.007603 -0.240367 -0.628621
1319017881.483184 -1154.814864 -2860.380402 -572.186841 -0.005403 -0.255998 -0.651306
1319017882.574784 -1089.231153 -2940.017964 -560.449862 -0.009355 -0.251806 -0.628645
1319017883.964127 -1023.315063 -3036.469016 -545.677329 0.001429 -0.257363 -0.649396
1319017885.353346 -957.404595 -3134.824698 -530.827170 -0.008281 -0.266295 -0.618424
1319017886.643442 -881.941305 -3224.821486 -511.675624 -0.004101 -0.266404 -0.634606
1319017887.635794 -835.589264 -3300.917582 -504.633537 -0.013968 -0.268495 -0.606309
1319017889.124386 -753.018340 -3391.158909 -492.713886 -0.019628 -0.280512 -0.623186
1319017890.414356 -683.281488 -3478.753531 -477.051125 -0.030989 -0.268126 -0.618219
1319017891.605204 -615.991800 -3556.136738 -468.974212 -0.032875 -0.269027 -0.619090
1319017892.696804 -560.255655 -3632.326925 -459.547141 -0.037592 -0.275187 -0.613460
1319017894.284518 -482.399117 -3751.120548 -451.383930 -0.038377 -0.266422 -0.606412
1319017895.376118 -432.134260 -3826.116654 -448.796490 -0.023930 -0.262464 -0.626349
1319017896.467718 -367.694038 -3894.354631 -446.185991 -0.036962 -0.261465 -0.622640
1319017897.559319 -305.143715 -3974.195364 -443.136411 -0.041566 -0.258436 -0.626186
1319017898.849413 -187.180412 -3962.428945 -463.353581 0.041425 -0.241650 -0.885776
1319017900.040261 -113.407134 -3857.032629 -501.419099 0.075510 -0.235064 -1.164485
1319017901.330233 -51.762685 -3709.278965 -528.179237 0.153866 -0.205548 -1.466480
1319017902.521080 -27.657752 -3586.242302 -586.956063 0.194320 -0.127158 4.573057
1319017903.910424 -66.552182 -3478.644697 -668.443449 0.185253 -0.075422 4.317195
1319017906.192874 -122.890731 -3393.690643 -727.268310 0.195702 -0.069668 4.196403
1319017907.284348 -82.308947 -3341.697427 -731.113948 0.192351 -0.050043 4.195541
1319017908.772937 8.079402 -3278.974634 -723.746883 0.196291 -0.080959 4.206496
1319017909.864538 91.635581 -3233.027402 -711.468344 0.198283 -0.085719 4.228853
1319017911.055385 181.183095 -3187.198588 -711.869328 0.188010 -0.076265 4.244378
1319017912.146985 255.268467 -3137.476352 -706.748342 0.187882 -0.094535 4.254398
1319017913.337710 342.148140 -3096.674761 -691.911149 0.192972 -0.107605 4.275072
1319017914.727051 450.815039 -3047.364098 -679.484444 0.185693 -0.105217 4.309238
1319017915.818651 537.824771 -3019.779796 -673.470784 0.174869 -0.121529 4.333393
1319017916.910252 622.857536 -2994.982402 -670.366849 0.175413 -0.136396 4.367315
1319017918.001851 695.957330 -2951.144954 -669.507101 0.182481 -0.116147 4.335979
1319017919.589564 604.647594 -2827.453677 -714.579730 0.166223 -0.031800 3.956207
1319017920.681164 508.724937 -2746.385553 -737.732200 0.184259 -0.040949 3.735609
1319017921.872012 415.634539 -2637.978056 -798.350501 0.196825 0.079743 3.482926
1319017923.062860 321.187218 -2631.628146 -879.732144 0.107713 0.154403 3.243715
1319017924.650573 109.561027 -2702.382758 -935.027533 0.069660 0.150631 2.862900
1319017925.742173 15.160956 -2742.246276 -954.343282 0.062579 0.173629 2.716842
1319017926.833773 -25.542503 -2769.865609 -979.068850 0.015529 0.204578 2.641036
1319017928.024621 -70.532280 -2778.605820 -987.912136 -0.015550 0.189194 2.601098
1319017929.314591 -148.018361 -2744.172324 -972.123595 0.011841 0.161646 2.580914
1319017930.406190 -205.466861 -2662.908167 -973.658688 0.022352 0.184382 2.591840
1319017931.497791 -254.382171 -2582.763932 -988.654235 0.003983 0.187502 2.591211
1319017932.589391 -308.437700 -2513.409953 -999.688199 -0.000317 0.164409 2.600347
1319017934.177229 -407.848278 -2392.795767 -993.993794 0.013105 0.170407 2.587442
1319017936.558799 -526.981688 -2209.665410 -982.008554 0.008599 0.147214 2.591054
1319017937.650399 -590.805043 -2121.798825 -970.903509 0.007138 0.137805 2.609525
1319017939.138990 -672.838898 -1993.566660 -963.331092 0.018049 0.122126 2.593737
1319017940.230591 -715.951533 -1910.202718 -960.905002 0.023742 0.108428 2.617856
1319017941.322064 -764.756703 -1823.011282 -958.405027 0.020688 0.104471 2.600179
1319017942.413664 -828.277884 -1735.987634 -959.838684 0.019613 0.103813 2.620243
1319017944.001504 -920.652128 -1617.899520 -944.565847 0.012222 0.072675 2.595959
1319017945.093102 -987.657528 -1517.802257 -930.320020 0.001234 0.050194 2.623707
1319017946.879311 -1075.750947 -1376.827202 -906.987660 0.001420 0.038061 2.606276
1319017947.970911 -1121.994670 -1287.336057 -897.433413 -0.000235 0.024373 2.619514
1319017949.261005 -1195.801750 -1189.884110 -885.234854 -0.003630 0.018097 2.599131
1319017950.253357 -1241.955573 -1109.438371 -877.015131 -0.008107 0.016977 2.614119
1319017951.245710 -1288.198855 -1043.037006 -866.935575 -0.004126 0.009682 2.592716
1319017953.726526 -1390.002148 -859.606055 -849.754972 -0.003764 0.021563 2.594638
1319017955.016622 -1441.108632 -772.438598 -840.015678 -0.002142 0.009734 2.620285
1319017956.108221 -1493.873279 -688.689534 -828.165584 -0.000173 0.007238 2.593633
1319017957.298944 -1553.657611 -590.305345 -817.592069 0.000379 0.010634 2.618627
1319017958.886784 -1622.050109 -481.063142 -809.750258 -0.008844 -0.009927 2.596350
1319017960.077629 -1670.776001 -382.726569 -800.372542 -0.009070 -0.005275 2.626080
1319017963.054685 -1801.784072 -151.979284 -785.613837 0.002815 -0.024217 2.610282
1319017964.642398 -1872.916936 -30.933414 -784.506863 0.005896 -0.010881 2.620471
1319017965.833245 -1920.255570 53.241478 -782.396985 0.007755 -0.010395 2.597552
1319017967.024093 -1963.791705 135.652429 -778.517884 0.009700 -0.016269 2.624294
1319017968.314063 -2025.979637 231.902599 -776.280570 0.007569 -0.005656 2.604034
1319017969.703405 -2088.704986 342.866009 -774.004372 0.005952 -0.001950 2.631313
1319017970.894252 -2136.832266 424.147464 -770.784313 0.012362 -0.003866 2.599576
1319017973.077451 -2249.044213 597.010169 -777.789785 -0.002819 -0.003770 2.590183
1319017974.466668 -2322.145317 693.658496 -781.589547 -0.012314 -0.016158 2.598528
1319017975.657516 -2377.510392 790.580162 -780.419205 -0.002016 -0.012817 2.565261
1319017976.848363 -2432.142323 892.937560 -787.630567 0.004255 -0.015344 2.576598
1319017978.237705 -2503.890433 993.223817 -791.005805 0.003247 -0.024161 2.550167
1319017979.626923 -2579.791422 1093.949652 -789.756736 -0.004369 -0.034143 2.565426
1319017980.817770 -2638.725751 1177.118144 -786.468210 0.001550 -0.027827 2.561674
1319017981.810122 -2685.486496 1245.837437 -783.316770 -0.002509 -0.032592 2.579695
1319017984.787177 -2832.904770 1459.744028 -800.271106 -0.017912 -0.021955 2.581771
1319017985.878776 -2884.780943 1531.145073 -804.915191 -0.018229 -0.031022 2.584649
1319017986.871128 -2930.935773 1601.157153 -798.863240 -0.018267 -0.024554 2.583377
1319017987.962727 -2961.922237 1685.004823 -794.433226 -0.012632 -0.006977 2.626452
1319017989.451193 -2815.390894 1751.503143 -786.381794 -0.014451 -0.020309 2.982479
1319017990.642039 -2699.554550 1779.216408 -755.943831 -0.026796 -0.060501 3.197555
1319017991.733640 -2578.664083 1808.664699 -752.174372 -0.036991 -0.002076 3.435075
1319017992.924486 -2466.231969 1777.911907 -766.246399 -0.003039 -0.001070 3.685770
1319017994.512199 -2358.660552 1700.204486 -755.393909 -0.023779 -0.047517 3.909193
1319017998.183990 -2204.514817 1711.564636 -751.850498 -0.009667 -0.009318 4.002041
1319017999.573205 -2111.823719 1774.655229 -753.123125 -0.004585 -0.002547 3.986296
1319018000.664804 -2058.652937 1837.319403 -755.658232 0.010611 -0.004038 3.985177
1319018001.756404 -1984.174697 1891.024955 -762.047345 0.011481 -0.007722 3.985605
1319018002.748755 -1908.827321 1950.108164 -773.320951 0.003818 -0.001643 3.978358
1319018004.237344 -1831.340425 2046.690122 -792.451263 -0.011495 0.001473 3.959339
1319018005.428067 -1766.832080 2125.858471 -798.760860 -0.005144 -0.007688 3.948148
1319018006.718161 -1695.584486 2209.827215 -802.373059 -0.014082 0.009326 3.925949
1319018007.710513 -1628.674635 2260.971069 -805.202547 -0.016903 0.011862 3.955564
1319018009.099855 -1519.077490 2169.041521 -801.639431 -0.001867 -0.004119 4.272001
1319018010.290576 -1444.544087 2059.141808 -789.640508 -0.009885 -0.050466 4.499593
1319018011.481424 -1369.834835 1922.490812 -775.246412 -0.022264 -0.009131 -1.517066
1319018012.573023 -1365.295369 1817.903514 -777.703128 0.005045 -0.025266 -1.294236
1319018014.061613 -1439.756580 1619.786331 -762.156039 0.011765 -0.072582 -0.958574
1319018015.153212 -1497.807451 1488.389332 -751.793704 0.007623 -0.072343 -0.751188
1319018016.244811 -1555.584227 1460.425039 -753.385607 0.027539 -0.087195 -0.666350
1319018017.435533 -1594.394600 1427.916761 -746.953861 0.031323 -0.103426 -0.622133
1319018019.420236 -1543.787145 1278.631353 -734.667637 0.018184 -0.075060 -0.617945
1319018020.511835 -1497.407776 1218.380814 -728.540920 0.023163 -0.109126 -0.603479
1319018021.504186 -1461.277187 1147.006276 -718.168598 0.028687 -0.097034 -0.626034
1319018022.595788 -1406.525868 1073.298060 -724.515283 0.016192 -0.045330 -0.629012
1319018024.282745 -1338.211017 959.553705 -727.206844 0.013086 -0.077215 -0.654824
1319018026.763686 -1206.662324 774.979604 -732.328697 0.017363 -0.048026 -0.656298
1319018027.855286 -1159.148817 699.839108 -741.493311 0.009444 -0.069354 -0.632474
1319018029.442999 -1076.389083 596.268285 -735.262434 0.018325 -0.073761 -0.660216
1319018030.633845 -1004.996613 506.480231 -738.574693 0.008886 -0.063754 -0.628663
1319018031.725444 -945.126538 440.827371 -741.498839 -0.004627 -0.069301 -0.659997
1319018032.817043 -893.910989 360.117920 -738.057553 -0.006936 -0.086148 -0.625843
1319018034.404755 -799.506500 247.032068 -722.965677 0.004076 -0.086323 -0.657340
1319018035.595602 -736.959012 153.097929 -724.509460 -0.003473 -0.081897 -0.618977
1319018036.587953 -685.584443 92.791731 -726.016012 -0.009442 -0.098408 -0.655047
1319018037.679552 -622.343409 12.016885 -725.518133 -0.014548 -0.097494 -0.613112
1319018039.366512 -519.189948 -112.938693 -726.166972 -0.006135 -0.090895 -0.641819
1319018040.458111 -477.241455 -194.508583 -722.326806 -0.009249 -0.095001 -0.606431
1319018041.450462 -419.896074 -259.192391 -705.652438 -0.009380 -0.100998 -0.642765
1319018042.542061 -365.494336 -336.239944 -694.013419 -0.007844 -0.091390 -0.604425
1319018044.129898 -276.090961 -440.772833 -678.754498 -0.003492 -0.109005 -0.637196
1319018045.221497 -220.311892 -526.651283 -675.753908 -0.018564 -0.111279 -0.602702
1319018046.312973 -144.588849 -604.355483 -672.074155 -0.019075 -0.117550 -0.635580
1319018047.702313 -51.382012 -711.834661 -665.893026 -0.042100 -0.147233 -0.604593
1319018049.190902 45.358862 -809.672946 -656.261761 -0.055767 -0.163276 -0.634110
1319018050.282378 108.020059 -892.868654 -645.795967 -0.065867 -0.179535 -0.615201
1319018051.373975 181.643290 -964.140062 -636.609930 -0.060098 -0.197016 -0.643924
1319018052.366327 239.430165 -1044.237207 -628.861536 -0.072435 -0.197587 -0.608076
1319018053.854915 309.781979 -1145.308493 -621.381460 -0.070761 -0.205690 -0.640558
1319018055.045764 369.916954 -1225.069844 -600.918398 -0.082201 -0.222834 -0.605079
1319018056.038114 427.273978 -1285.668128 -581.781441 -0.070011 -0.232008 -0.636257
1319018057.030464 483.846822 -1359.961468 -568.527074 -0.079998 -0.228903 -0.603917
1319018058.022816 542.316269 -1428.771287 -551.487755 -0.098490 -0.232528 -0.605508
1319018059.610527 621.843231 -1535.609851 -535.123467 -0.105635 -0.261878 -0.580111
1319018060.702126 680.601810 -1620.119683 -513.898557 -0.099228 -0.266208 -0.595993
1319018061.694477 725.358380 -1700.860624 -509.969549 -0.095168 -0.268097 -0.572036
1319018062.885325 786.298807 -1790.456053 -497.394493 -0.111444 -0.286059 -0.572269
1319018064.473036 881.546735 -1902.075543 -468.141668 -0.117787 -0.286678 -0.553171
1319018066.358492 955.770383 -2032.776218 -464.433850 -0.105058 -0.249757 -0.561165
1319018067.549338 1016.443346 -2119.885287 -456.120984 -0.116102 -0.244086 -0.557494
1319018068.740183 1079.353300 -2193.547971 -450.691770 -0.102974 -0.238744 -0.560534
1319018069.831784 1127.885428 -2274.739254 -453.669898 -0.114377 -0.228077 -0.550892
1319018070.923380 1186.264582 -2354.135942 -459.393044 -0.112317 -0.229733 -0.568049
1319018072.014979 1239.911222 -2435.701559 -470.890172 -0.115270 -0.217564 -0.550493
1319018073.007330 1292.312433 -2497.322598 -474.911822 -0.104037 -0.217493 -0.574512
1319018074.694289 1366.097495 -2617.285090 -485.425560 -0.111307 -0.201614 -0.557745
1319018076.976735 1469.482670 -2768.393601 -493.943329 -0.109466 -0.199780 -0.558279
1319018078.365954 1484.075256 -2873.873519 -512.428030 -0.124438 -0.169397 -0.439804
1319018079.755293 1358.183015 -2951.850895 -553.719658 -0.153108 -0.156171 -0.108406
1319018080.846892 1238.509442 -2977.020909 -554.047647 -0.205931 -0.168856 0.121831
1319018081.938490 1113.414075 -3008.695859 -597.721155 -0.234516 -0.091661 0.365631
1319018083.228586 999.199497 -2985.583059 -662.985541 -0.199254 -0.056432 0.633946
1319018084.617800 864.204962 -2916.940032 -723.700640 -0.233384 -0.027195 0.879489
1319018085.808648 827.628988 -2887.119966 -771.569989 -0.251216 0.004506 0.936657
1319018086.900245 809.745458 -2875.875165 -789.720611 -0.239616 -0.008941 0.981069
1319018087.892596 755.676895 -2886.215945 -784.785881 -0.234652 -0.020855 0.988419
1319018089.381060 637.932873 -2934.293183 -775.584238 -0.250649 0.001479 0.988599
1319018090.472659 573.519878 -2978.118958 -770.441582 -0.253451 -0.018845 0.981704
1319018091.762753 486.362022 -3035.829048 -757.437372 -0.235053 -0.018928 0.976882
1319018092.854351 400.529231 -3081.519457 -760.179344 -0.244149 0.001761 0.971832
1319018094.442062 300.906654 -3145.333813 -767.094197 -0.251512 -0.020061 0.978406
1319018095.533661 218.478977 -3202.000441 -752.302105 -0.247290 -0.022321 0.958381
1319018096.625259 137.460436 -3250.220977 -750.281787 -0.237780 -0.016425 0.964835
1319018097.716895 51.389687 -3300.584496 -746.893602 -0.240631 -0.028704 0.967660
1319018099.205447 -63.703428 -3381.477535 -731.587580 -0.244100 -0.034603 0.964093
1319018100.197799 -130.027805 -3431.530657 -719.676109 -0.242560 -0.038551 0.969784
1319018101.289271 -206.485864 -3482.730960 -713.184638 -0.241700 -0.047077 0.951043
1319018102.380870 -290.449741 -3531.613165 -712.670058 -0.252947 -0.029811 0.978623
1319018103.770214 -374.851172 -3601.292500 -711.530147 -0.254404 -0.038981 0.957387
1319018104.961057 -451.371302 -3660.481731 -710.090752 -0.257132 -0.038576 0.981841
1319018106.052656 -524.831598 -3718.379111 -696.017973 -0.256884 -0.034104 0.952868
1319018107.045007 -605.134625 -3761.467846 -701.473654 -0.261859 -0.011792 0.985015
1319018108.632718 -700.320802 -3846.617050 -696.347258 -0.273235 -0.024577 0.958041
1319018109.823564 -788.628802 -3904.275390 -687.546083 -0.277792 -0.019018 0.976178
1319018111.113658 -870.195878 -3978.799624 -684.535252 -0.280484 -0.013043 0.954695
1319018112.205255 -947.940158 -4031.673427 -694.631185 -0.294088 -0.009785 0.968327
1319018113.693720 -1038.745946 -4111.406842 -695.139721 -0.290812 -0.017307 0.951107
1319018114.884566 -1124.184540 -4169.508881 -699.245140 -0.288628 -0.015872 0.961069
1319018116.075413 -1199.544569 -4229.416571 -699.491183 -0.289098 -0.016190 0.949247
1319018117.167009 -1279.359213 -4280.253988 -702.376938 -0.293832 -0.012697 0.967673
1319018118.556226 -1370.354659 -4359.616270 -695.553619 -0.297202 -0.020424 0.951031
1319018119.747072 -1460.071832 -4419.150879 -694.030889 -0.294057 -0.019747 0.962796
1319018120.937918 -1542.344863 -4477.434337 -688.924974 -0.294150 -0.029464 0.953774
1319018122.029516 -1622.018970 -4528.353892 -691.696966 -0.300570 -0.031842 0.975684
1319018123.418732 -1720.927475 -4609.308495 -686.155136 -0.297283 -0.045616 0.952385
1319018124.708826 -1823.049309 -4679.374219 -692.904090 -0.292943 -0.050593 0.970687
1319018125.998919 -1910.343478 -4731.875089 -682.671918 -0.293849 -0.062742 0.966548
1319018127.189765 -1988.971315 -4787.630781 -682.653942 -0.299173 -0.059722 0.966525
1319018128.479734 -2083.923186 -4869.144596 -670.930340 -0.286279 -0.083965 0.956331
1319018129.571332 -2163.695416 -4909.975263 -660.326275 -0.283978 -0.078972 0.964711
1319018130.662930 -2243.882215 -4962.850449 -650.943768 -0.286778 -0.104954 0.970841
1319018131.853776 -2338.470193 -5021.476608 -643.955713 -0.295527 -0.100562 0.975157
1319018133.044622 -2411.141820 -5092.955230 -637.285459 -0.285729 -0.092807 0.961332
1319018134.830828 -2539.239710 -5158.420285 -634.554288 -0.261614 -0.107344 0.960192
1319018136.021676 -2632.902369 -5202.588128 -643.498283 -0.251609 -0.091401 0.982291
1319018137.113274 -2698.396960 -5240.411409 -641.199349 -0.232095 -0.065018 0.961458
1319018138.403241 -2784.829617 -5300.644841 -646.832914 -0.221538 -0.062740 0.984814
1319018139.594086 -2867.997920 -5348.556816 -647.282442 -0.221108 -0.052837 0.970407
1319018140.685685 -2932.319966 -5397.267610 -656.788711 -0.222972 -0.028959 0.992998
1319018141.777282 -3002.575770 -5447.706739 -650.204197 -0.223141 -0.024512 0.982580
1319018142.968128 -3072.112598 -5490.705115 -652.092460 -0.223480 -0.018566 0.993627
1319018144.357344 -3168.726414 -5558.968355 -660.466970 -0.230812 -0.004589 0.974068
1319018145.647439 -3255.105009 -5619.315774 -677.224553 -0.222189 0.009477 0.985196
1319018146.739036 -3317.774029 -5668.409756 -684.496665 -0.224727 -0.006224 0.966140
1319018147.830633 -3404.750645 -5641.841084 -715.048556 -0.208654 0.044694 1.134907
1319018149.517592 -3474.542915 -5470.705946 -753.967191 -0.162884 0.053414 1.501925
1319018150.708438 -3518.560460 -5332.565537 -780.975810 -0.161343 0.079910 1.765778
1319018151.800036 -3530.636245 -5228.184281 -831.801641 -0.104137 0.133612 1.984546
1319018153.387747 -3443.636789 -5069.410193 -877.178000 -0.039089 0.109930 2.332867
1319018154.677840 -3395.684864 -4988.492810 -896.317107 -0.036366 0.122852 2.440166
1319018155.769438 -3369.466929 -4974.337971 -917.044297 -0.004815 0.127685 2.496655
1319018156.960283 -3373.071642 -4926.921622 -918.513587 -0.001502 0.099302 2.508676
1319018158.250377 -3424.966418 -4815.898329 -923.690778 -0.014745 0.117085 2.518851
1319018159.639593 -3482.543042 -4718.799391 -931.223479 -0.016737 0.096639 2.509315
1319018160.731190 -3542.812333 -4649.842347 -923.981148 -0.007781 0.079526 2.514669
1319018161.822788 -3609.735731 -4559.795194 -927.292476 -0.017006 0.092947 2.517562
1319018163.013636 -3670.973591 -4473.432944 -942.500160 -0.031102 0.095218 2.519171
1319018164.502097 -3748.632540 -4387.896821 -936.857431 -0.034789 0.075294 2.508594
1319018166.089933 -3840.768317 -4272.932559 -927.313187 -0.043423 0.098304 2.524560
1319018167.677644 -3917.701644 -4163.988519 -916.316559 -0.051035 0.078520 2.499775
1319018168.868489 -3977.585404 -4082.048244 -898.017650 -0.047124 0.068405 2.511530
1319018170.257829 -4055.760904 -3988.673551 -894.596134 -0.052528 0.087464 2.501028
1319018171.448550 -4114.344056 -3902.195276 -894.254519 -0.060822 0.086073 2.498731
1319018172.540149 -4175.631006 -3827.874612 -887.667373 -0.054048 0.061931 2.492730
1319018174.028739 -4253.058359 -3716.782061 -882.020079 -0.052972 0.077701 2.491116
1319018175.318705 -4320.562727 -3625.465628 -888.253538 -0.053515 0.069720 2.499846
1319018176.410302 -4377.235611 -3547.319555 -878.404341 -0.057525 0.057020 2.491083
1319018179.188983 -4527.742131 -3347.782142 -861.182163 -0.052536 0.051672 2.481566
1319018180.379704 -4592.147568 -3259.689294 -853.095812 -0.049452 0.038882 2.493351
1319018181.570550 -4663.697534 -3180.195885 -846.848054 -0.051458 0.043968 2.473505
1319018182.562900 -4712.463532 -3114.624753 -846.157072 -0.045975 0.039947 2.480856
1319018184.051488 -4799.261353 -3010.454941 -836.823010 -0.054762 0.021443 2.472029
1319018185.242333 -4848.125975 -2918.922027 -835.144701 -0.045739 0.027605 2.507298
1319018186.830045 -4727.926878 -2802.301976 -835.460019 -0.017056 0.020580 2.872019
1319018187.822396 -4640.929955 -2775.886506 -809.682157 -0.018430 -0.012866 3.039652
1319018189.013240 -4492.844808 -2726.351313 -797.144478 -0.030481 0.032421 3.313139
1319018190.104837 -4384.199330 -2734.556476 -812.599182 0.030161 0.040790 3.526437
1319018191.097188 -4283.479855 -2776.237821 -802.009949 0.047980 -0.000987 3.745074
1319018192.188787 -4166.635586 -2836.622539 -783.274213 0.020736 -0.019515 3.953542
1319018193.181136 -4134.469211 -2876.808146 -780.233345 0.024868 -0.013663 4.034828
1319018194.570351 -4131.710613 -2941.608061 -771.912579 0.057891 -0.040890 4.115846
1319018195.661948 -4075.906706 -2929.894513 -760.319835 0.046388 -0.024903 4.120477
1319018196.753546 -3993.904043 -2895.548657 -766.635352 0.031778 0.005560 4.143631
1319018197.845145 -3945.945718 -2867.036896 -767.980999 0.035123 -0.028330 4.131300
1319018199.333607 -3851.979035 -2802.108511 -758.014080 0.049516 -0.029242 4.137588
1319018200.425207 -3758.507804 -2758.047418 -762.462230 0.033396 -0.005843 4.123171
1319018201.516803 -3691.572370 -2719.590137 -766.300052 0.030623 -0.032329 4.134824
1319018202.707650 -3608.497120 -2660.762679 -756.929135 0.039322 -0.052886 4.113765
1319018206.577803 -3341.194544 -2512.533586 -750.468900 0.050807 -0.018182 4.111624
1319018207.669399 -3268.643570 -2450.435654 -746.204920 0.055604 0.000084 4.093875
1319018208.959492 -3180.649489 -2393.460208 -752.747356 0.057572 -0.010012 4.106977
1319018210.150337 -3092.899105 -2336.076673 -752.858966 0.050344 -0.008610 4.090807
1319018211.142687 -3020.932864 -2285.494577 -760.252599 0.047011 -0.006386 4.105429
1319018212.234286 -2953.190779 -2226.828973 -763.558398 0.047608 -0.008513 4.078791
1319018213.623500 -2861.983680 -2153.267085 -760.861789 0.044797 -0.012667 4.098905
1319018215.012842 -2772.846648 -2080.664814 -757.415694 0.032097 -0.012628 4.089885
1319018216.104438 -2695.717751 -2026.120541 -761.258437 0.024290 -0.023281 4.104287
1319018217.196035 -2626.782256 -1957.070323 -761.536101 0.016991 -0.020961 4.086486
1319018218.486002 -2539.307845 -1895.188946 -764.520512 0.022249 -0.007162 4.099713
1319018219.776096 -2452.468006 -1830.562179 -768.814981 0.013700 -0.018597 4.089141
1319018220.867693 -2381.357942 -1777.653167 -769.559165 0.012424 -0.012276 4.093011
1319018223.844743 -2184.099252 -1631.215428 -774.129179 0.017077 0.002669 4.077964
1319018225.035588 -2108.321488 -1570.456426 -772.455317 0.010466 0.000382 4.095771
1319018226.127186 -2034.565156 -1506.188066 -769.564579 0.008852 0.004893 4.075020
1319018227.317907 -1943.812788 -1450.894859 -776.810036 0.018043 -0.002148 4.094729
1319018228.806493 -1829.489159 -1377.620832 -774.377505 0.020833 -0.020428 4.075818
1319018230.394203 -1718.279182 -1284.307181 -772.220227 0.011174 -0.031528 4.080134
1319018231.882791 -1611.487573 -1203.451213 -776.283405 0.022783 -0.047920 4.087079
1319018232.974389 -1523.188561 -1148.714190 -772.438034 0.026535 -0.044473 4.079371
1319018233.966739 -1447.515344 -1104.622906 -770.831754 0.025191 -0.039147 4.086832
1319018235.058336 -1382.310693 -1049.303098 -765.246763 0.018854 -0.047710 4.087056
1319018236.050686 -1317.603048 -991.024829 -752.534529 0.028674 -0.064783 4.074996
1319018237.638396 -1198.960208 -911.002920 -741.325917 0.036654 -0.039273 4.079363
1319018239.027736 -1100.883682 -854.821108 -744.209028 0.025292 -0.068572 4.101081
1319018240.317704 -1020.507997 -782.418089 -742.640012 0.030846 -0.063366 4.072299
1319018241.409302 -945.964389 -715.113371 -745.904778 0.031874 -0.048882 4.082519
1319018243.394001 -816.942100 -623.444799 -734.928635 0.025913 -0.074502 4.084020
1319018244.386351 -737.227005 -573.148754 -720.474934 0.029284 -0.076485 4.083077
1319018245.577195 -649.511755 -511.550616 -719.667217 0.041121 -0.058872 4.090040
1319018248.157380 -483.543233 -399.434912 -718.584139 0.038476 -0.040543 4.101157
1319018249.248978 -412.320430 -343.798568 -722.065177 0.043447 -0.023658 4.086414
1319018250.340451 -345.344734 -288.092625 -726.459430 0.044454 -0.017450 4.103130
1319018251.332800 -279.761825 -245.784717 -730.986305 0.041804 -0.017753 4.094559
1319018252.821388 -172.597932 -180.707683 -743.406005 0.035922 -0.014285 4.111750
1319018253.813738 -106.373737 -125.884538 -750.439852 0.039377 -0.012829 4.089394
1319018254.905335 -38.519697 -70.920327 -756.885127 0.046419 -0.009454 4.097150
1319018256.096180 -57.078934 27.271898 -767.570482 0.043327 0.020662 3.863205
1319018259.073229 -360.080961 154.907130 -806.217893 0.030787 0.030213 3.213061
1319018260.164826 -465.481806 157.858729 -847.761741 -0.014156 0.067542 2.975166
1319018261.157176 -552.865861 106.503246 -863.338120 -0.047859 0.028778 2.759314
1319018262.943381 -646.981343 52.400129 -858.944228 -0.024495 0.024331 2.628967
1319018265.424193 -753.299927 115.290650 -856.545088 -0.048269 0.000356 2.593756
1319018266.416542 -812.311320 172.906074 -843.623973 -0.048593 0.000323 2.581860
1319018269.195222 -968.721738 378.402950 -832.737098 -0.042246 -0.005126 2.584336
1319018271.775281 -1120.801093 567.326796 -808.684916 -0.054894 0.002441 2.590449
1319018274.454588 -1271.419126 765.251173 -797.846785 -0.071876 0.000864 2.599303
1319018275.546185 -1319.688384 831.820166 -803.311957 -0.076891 -0.005082 2.596660
1319018276.935525 -1380.372632 935.203874 -806.962943 -0.065657 -0.007743 2.605526
1319018278.225617 -1439.317497 1052.386056 -809.371314 -0.055962 0.004100 2.601261
1319018279.416337 -1491.257911 1128.905591 -809.101355 -0.047684 -0.010963 2.635888
1319018280.408687 -1536.682195 1194.021440 -799.617933 -0.055236 -0.020750 2.637932
1319018281.798026 -1593.625133 1288.061233 -791.775419 -0.069641 0.018774 2.670321
1319018283.187366 -1662.947976 1384.993552 -790.004548 -0.083240 0.011743 2.657673
1319018284.278838 -1719.807951 1475.446945 -783.282158 -0.081478 -0.006385 2.676543
1319018285.370435 -1763.865960 1566.457934 -781.391963 -0.082120 0.009788 2.655368
1319018286.462033 -1792.614158 1650.648866 -795.537996 -0.070896 0.017052 2.677589
1319018287.851372 -1844.138050 1759.556042 -808.083324 -0.062184 -0.000581 2.657346
1319018289.141465 -1887.818434 1865.179420 -809.349604 -0.054541 0.012241 2.677413
1319018290.233061 -1936.999447 1960.133677 -801.530329 -0.052296 -0.002383 2.656896
1319018291.324535 -1970.484915 2046.599873 -799.564942 -0.042508 -0.013251 2.680390
1319018292.614625 -2023.503331 2152.502001 -793.978663 -0.041122 -0.010032 2.668380
1319018293.904723 -2058.319516 2255.855024 -811.786702 -0.033970 -0.013905 2.684397
1319018295.194810 -2105.190907 2332.376985 -907.376832 -0.031157 -0.046628 2.680944
1319018296.286281 -2164.740310 2437.748724 -1037.188388 -0.033649 -0.039606 2.675180
1319018297.278631 -2195.087271 2527.077137 -1153.676064 -0.013698 0.005098 2.689932
1319018298.469498 -2223.506948 2532.569558 -1225.805661 -0.029220 0.066479 2.669617
