#     1     2     3     4     5     6     7     8     9    10    11    12    13    14    15    16    17    18    19    20    21    22    23    24    25
#     t  gt_x  gt_y  gt_z  gt_ro gt_pi gt_ya gt_vx gt_vy gt_vz gt_vr gt_vp gt_vy od_x  od_y  od_z  od_ro od_pi od_ya od_vx od_vy od_vz od_vr od_vp od_vy   ts
0.000000000 0.000000 0.000000 0.000000 -0.000000 -0.000000 0.000000 -0.004953 -0.000470 0.033585 0.000864 -0.001272 -0.007717 0.000000 0.000000 0.000000 0.000000 0.000000 0.000000 -0.007511 -0.002809 0.033612 -0.000325 0.000116 -0.007688 1336386844.327849865 
8.931324959 -0.044236 -0.004195 0.299956 0.007720 -0.011364 -0.068919 -0.025626 0.002355 0.016426 0.002283 0.003397 -0.039629 -0.067087 -0.025085 0.300203 -0.002899 0.001037 -0.068662 -0.026217 -0.007154 0.017229 -0.002815 0.001505 -0.039804 1336386853.259174824 
19.053493023 -0.303332 0.036294 0.463446 0.034655 0.026933 -0.469653 -0.108037 0.032444 -0.029394 0.024976 0.009753 -0.179694 -0.336584 -0.078625 0.475082 -0.031566 0.015047 -0.471608 -0.112441 0.016393 -0.029201 0.015692 0.007604 -0.180636 1336386863.381342888 
21.732890129 -0.522633 0.248084 0.395570 0.085188 0.066045 -0.950749 -0.047111 0.014787 -0.024576 0.012578 0.006316 -0.089901 -0.587184 0.095687 0.400035 0.007099 0.018997 -0.956054 -0.050451 -0.000844 -0.025017 0.004196 0.003495 -0.090551 1336386866.060739994 
27.290158033 -0.603286 0.521954 0.284044 0.113203 0.133833 -1.449509 0.002117 -0.037366 -0.004219 0.004059 -0.001988 -0.008427 -0.753406 0.324710 0.266332 0.020375 0.039487 -1.459427 -0.002767 -0.047858 -0.004083 -0.001485 0.000550 -0.008749 1336386871.618007898 
35.427587986 -0.898374 0.477993 0.213898 0.136566 0.125173 -1.520017 -0.049869 -0.193673 -0.010166 -0.005450 -0.005257 -0.060432 -1.142364 0.305485 0.226099 0.005432 0.045315 -1.530589 -0.054163 -0.204204 -0.010318 -0.010002 -0.003178 -0.060243 1336386879.755437851 
37.015379190 -1.204789 0.548315 0.166380 0.115189 0.129364 -1.617025 -0.022117 -0.175686 -0.026427 0.006046 0.005504 -0.028914 -1.469727 0.379118 0.211869 -0.014805 0.040580 -1.626346 -0.020572 -0.180354 -0.024608 0.005090 0.004652 -0.027896 1336386881.343229055 
38.702407122 -1.491602 0.608741 0.093495 0.119088 0.144046 -1.664906 -0.034941 -0.196076 -0.013134 -0.008861 0.001911 -0.048517 -1.772093 0.432166 0.176303 -0.008118 0.047685 -1.673571 -0.043719 -0.203958 -0.012640 -0.011953 0.006251 -0.048089 1336386883.030256987 
40.290198088 -1.790953 0.700464 0.044363 0.093621 0.155781 -1.741967 -0.008804 -0.192523 -0.019261 0.006555 -0.001409 -0.008470 -2.087179 0.535205 0.162192 -0.030719 0.056851 -1.750124 -0.014632 -0.193482 -0.018575 0.007527 0.001611 -0.007494 1336386884.618047953 
41.877989054 -2.084124 0.774450 -0.011779 0.101885 0.154796 -1.755730 0.039442 -0.143757 -0.003650 -0.013794 0.000298 0.047003 -2.385870 0.614080 0.143501 -0.019446 0.059038 -1.762117 0.032151 -0.150445 -0.002804 -0.015859 0.004354 0.046499 1336386886.205838919 
43.961965084 -2.390168 0.755046 -0.062035 0.087823 0.144726 -1.657190 -0.021754 -0.248018 0.000154 -0.000212 0.004442 -0.012695 -2.706448 0.608029 0.139801 -0.046695 0.069714 -1.665177 -0.022177 -0.253418 0.001352 -0.001856 0.004767 -0.011855 1336386888.289814949 
45.252045155 -2.704984 0.814220 -0.085562 0.085234 0.151852 -1.673186 0.024791 -0.147146 0.002797 -0.016675 0.004708 0.014614 -3.028908 0.666033 0.158755 -0.050172 0.075135 -1.680785 0.021401 -0.156864 0.003905 -0.020923 0.006526 0.013829 1336386889.579895020 
47.336021185 -3.014319 0.797752 -0.113441 0.055221 0.158962 -1.641609 0.007356 -0.207569 -0.018408 0.019682 -0.009291 0.011451 -3.358102 0.655792 0.179861 -0.091642 0.090133 -1.652572 0.007947 -0.206486 -0.020395 0.021465 -0.009007 0.012900 1336386891.663871050 
48.824573994 -3.320812 0.815701 -0.159027 0.087117 0.144192 -1.625184 -0.182898 0.012372 -0.003555 0.002296 0.017159 -0.291341 -3.666871 0.669467 0.176702 -0.057842 0.078520 -1.632161 -0.180514 -0.004662 -0.000449 -0.004666 0.011403 -0.290512 1336386893.152423859 
50.511603117 -3.282898 1.120039 -0.118805 0.012129 0.197057 -2.122045 0.023317 -0.032442 0.059943 0.012531 0.001726 -0.087408 -3.656132 0.972998 0.200289 -0.095922 0.061253 -2.123537 0.015903 -0.031485 0.055901 0.011636 0.007032 -0.085647 1336386894.839452982 
54.977264166 -3.489817 1.066280 0.121570 -0.008801 0.194355 -2.520143 -0.023343 -0.018891 0.013137 0.010071 -0.006127 -0.059483 -3.800533 0.959949 0.457405 -0.059957 0.052322 -2.507756 -0.031240 -0.025133 0.014974 0.004610 -0.004355 -0.060347 1336386899.305114031 
64.305536985 -3.437567 1.319108 0.285383 -0.015956 0.103489 -3.076715 -0.096651 -0.033881 0.026636 -0.002256 0.028365 -0.008186 -3.706156 1.309370 0.625910 -0.035624 -0.028204 -3.066410 -0.080956 -0.047835 0.035016 -0.011071 0.014242 -0.010746 1336386908.633386850 
67.282644987 -3.166764 1.436501 0.395573 -0.025428 0.187501 -3.102798 -0.044432 -0.127793 -0.008161 0.000051 0.005810 -0.024199 -3.473256 1.465914 0.728321 -0.067652 0.013046 -3.099866 -0.050140 -0.142356 -0.008132 -0.010256 0.009504 -0.025245 1336386911.610494852 
69.664330959 -3.072517 1.745148 0.403812 -0.036285 0.199551 3.121251 -0.058116 -0.064699 -0.002466 0.004773 0.001892 -0.040897 -3.368164 1.810179 0.733475 -0.092771 0.031542 3.121783 -0.056886 -0.074623 -0.000626 -0.001447 -0.000531 -0.041302 1336386913.992180824 
73.236860991 -2.864270 1.972265 0.444559 -0.048322 0.198864 2.972034 -0.186033 -0.031322 -0.017850 0.016363 0.015190 -0.251436 -3.160523 2.071772 0.762344 -0.101554 0.015693 2.975029 -0.187239 -0.042471 -0.017169 0.009631 0.012558 -0.251536 1336386917.564710855 
74.824651957 -2.565204 1.972850 0.477517 -0.096913 0.188290 2.564539 -0.181004 -0.117478 -0.052250 0.046308 -0.005277 -0.238807 -2.855483 2.091319 0.746729 -0.084366 -0.005121 2.575701 -0.181456 -0.119034 -0.052826 0.046997 -0.005285 -0.237756 1336386919.152501822 
76.213968992 -2.256863 1.974347 0.469127 -0.088571 0.139288 2.231791 -0.088649 -0.065698 -0.052994 0.007670 0.010774 -0.137229 -2.551272 2.100635 0.686242 -0.012894 -0.039501 2.246999 -0.091175 -0.072306 -0.053405 0.003984 0.010836 -0.137037 1336386920.541818857 
78.794130087 -1.964643 1.893339 0.380855 -0.111963 0.127579 1.873649 -0.007531 -0.046554 -0.007372 0.004391 0.003372 -0.053036 -2.260622 2.039326 0.541681 0.011868 -0.013561 1.893177 -0.011089 -0.054225 -0.007043 -0.000203 0.003927 -0.053238 1336386923.121979952 
85.343643188 -1.655167 1.936925 0.373328 -0.120104 0.103841 1.524058 -0.004008 -0.074583 -0.002736 0.002052 -0.006100 0.005567 -1.901520 2.083429 0.490362 0.014457 0.017029 1.544915 -0.007514 -0.083929 -0.001204 -0.002777 -0.003688 0.005407 1336386929.671493053 
89.610831022 -1.338812 1.907851 0.401498 -0.108569 0.080809 1.550841 0.044338 -0.066737 -0.007758 -0.013361 -0.000393 0.045629 -1.544444 2.041939 0.480594 0.002992 0.000955 1.567755 0.043890 -0.077449 -0.006126 -0.018907 0.000952 0.045208 1336386933.938680887 
93.381834984 -1.082186 2.069270 0.386195 -0.143539 0.096703 1.722861 0.005406 -0.118981 0.002232 0.006847 0.007991 0.011251 -1.251953 2.206537 0.456462 -0.068187 0.004022 1.738247 0.003225 -0.128669 0.004263 0.001700 0.009456 0.011100 1336386937.709684849 
95.961995125 -0.785501 2.133627 0.434231 -0.123348 0.121229 1.748827 -0.029723 -0.107614 -0.033515 0.006030 -0.005544 -0.012707 -0.927519 2.269952 0.490023 -0.063687 0.030314 1.765162 -0.027255 -0.116774 -0.031879 0.001475 -0.007405 -0.013090 1336386940.289844990 
98.542155027 -0.489245 2.103239 0.392230 -0.111485 0.102943 1.717891 0.018743 -0.094834 0.011120 -0.006782 0.007039 0.007244 -0.613415 2.258200 0.429272 -0.060843 0.009081 1.732679 0.017943 -0.105756 0.012961 -0.012867 0.007646 0.006922 1336386942.870004892 
101.717738152 -0.206789 2.212067 0.454349 -0.130916 0.127693 1.738426 -0.009334 -0.144728 -0.019405 0.009740 -0.009020 -0.019478 -0.294325 2.368609 0.490255 -0.101523 0.034651 1.753147 -0.011803 -0.161924 -0.016502 0.000142 -0.008097 -0.019802 1336386946.045588017 
103.801712990 0.096487 2.243726 0.456111 -0.115386 0.103668 1.700441 0.032150 -0.036575 0.003398 -0.005538 0.002969 0.041058 0.043703 2.405945 0.491094 -0.102526 0.013657 1.713808 0.031878 -0.047812 0.005786 -0.011741 0.004578 0.040356 1336386948.129562855 
110.053640127 0.292817 2.475887 0.482483 -0.120148 0.148019 1.955988 0.057727 0.007913 0.034010 -0.017481 0.005859 0.157787 0.305818 2.645941 0.554940 -0.169456 0.067272 1.962201 0.062132 0.000233 0.035303 -0.022484 0.006500 0.157177 1336386954.381489992 
114.519303083 0.139514 2.712180 0.589410 -0.072728 0.216456 2.670178 0.024663 -0.040475 0.027728 -0.009703 0.004893 0.087008 0.170703 2.900951 0.691155 -0.187154 0.189584 2.660315 0.026135 -0.047672 0.030885 -0.014455 0.006359 0.086569 1336386958.847152948 
120.175808191 0.083535 2.984223 0.728475 -0.014660 0.252356 -3.107291 -0.019795 -0.143955 -0.008488 0.006039 0.003943 -0.017438 0.112557 3.193547 0.881143 -0.157640 0.290872 -3.127800 -0.022051 -0.163681 -0.007961 -0.007748 0.004501 -0.018962 1336386964.503658056 
122.259783983 0.116477 3.285756 0.725907 -0.011483 0.259869 3.138172 -0.016453 -0.123730 -0.012694 0.001154 0.001843 -0.008432 0.141237 3.533457 0.929927 -0.185794 0.293688 3.113075 -0.016590 -0.140954 -0.012614 -0.010164 0.001407 -0.008728 1336386966.587633848 
124.740707159 0.164161 3.592901 0.709369 -0.014198 0.264143 3.116448 0.062160 -0.012679 0.012920 -0.012988 0.000548 0.095365 0.180789 3.881930 0.974234 -0.217595 0.293045 3.090172 0.062435 -0.019376 0.013876 -0.016839 0.002405 0.094834 1336386969.068557024 
129.404843092 -0.130100 3.658598 0.692651 0.042687 0.246529 -2.707120 0.102989 -0.013624 0.031954 -0.019304 0.003830 0.160727 -0.117674 3.971657 0.969292 -0.146268 0.368267 -2.731441 0.102706 -0.015466 0.033896 -0.019935 0.004562 0.160588 1336386973.732692957 
132.183477163 -0.418627 3.570582 0.707273 0.092950 0.214163 -2.249253 0.097084 0.012678 0.021318 -0.019619 0.015212 0.154270 -0.406147 3.877616 0.959330 -0.019789 0.406176 -2.250389 0.103055 0.008703 0.023003 -0.023826 0.012392 0.153989 1336386976.511327028 
135.259822130 -0.585483 3.311416 0.711141 0.121848 0.194166 -1.762645 0.042594 -0.029028 0.002391 -0.003575 0.001883 0.049327 -0.584711 3.611799 0.898578 0.106227 0.405662 -1.732302 0.043828 -0.037076 0.004537 -0.009280 0.002443 0.048741 1336386979.587671995 
141.114802122 -0.799166 3.104976 0.656387 0.151456 0.162429 -1.470706 -0.015918 -0.114753 -0.004629 -0.005492 0.003781 -0.018190 -0.838671 3.412920 0.800435 0.167143 0.372849 -1.425321 -0.013162 -0.116060 -0.005777 -0.005353 0.002157 -0.017428 1336386985.442651987 
143.794198990 -1.104885 3.126108 0.605404 0.128916 0.179615 -1.518117 0.000682 -0.098803 -0.007705 0.004030 0.000812 -0.006544 -1.147819 3.425485 0.750887 0.134909 0.385914 -1.473984 0.000564 -0.103580 -0.006442 0.001696 0.000940 -0.006491 1336386988.122048855 
146.969781160 -1.412961 3.119289 0.541454 0.138003 0.184808 -1.538744 -0.020619 -0.152801 -0.015828 -0.013004 -0.008921 -0.024873 -1.471679 3.416762 0.690443 0.132114 0.391563 -1.495646 -0.021204 -0.161923 -0.014549 -0.017800 -0.008676 -0.025299 1336386991.297631025 
148.954519987 -1.710592 3.163384 0.477379 0.102460 0.173812 -1.590857 0.019527 -0.137126 -0.012975 -0.004073 -0.000205 0.006134 -1.790515 3.458923 0.640916 0.075243 0.380549 -1.551697 0.009917 -0.144655 -0.008777 -0.008176 0.006397 0.006401 1336386993.282369852 
151.236970186 -2.019510 3.136309 0.409127 0.095590 0.171898 -1.576770 0.002045 -0.137617 -0.001555 -0.011249 -0.000556 0.008992 -2.118100 3.448288 0.590917 0.062882 0.393961 -1.534734 0.002421 -0.143335 -0.001364 -0.014004 -0.000609 0.009411 1336386995.564820051 
153.420181990 -2.318249 3.139179 0.376780 0.074383 0.168783 -1.557064 0.016412 -0.123755 0.007489 -0.005884 -0.006031 0.023270 -2.430160 3.440840 0.567986 0.040776 0.391257 -1.512641 0.011433 -0.127034 0.008721 -0.006826 -0.002631 0.023374 1336386997.748031855 
155.901106119 -2.625238 3.095541 0.365714 0.069260 0.149304 -1.499977 -0.003637 -0.142113 -0.014816 0.010915 0.001237 0.000725 -2.743691 3.392971 0.565277 0.047463 0.381689 -1.450490 -0.004742 -0.153338 -0.012710 0.003857 0.001722 0.000549 1336387000.228955984 
158.084318161 -2.932870 3.089603 0.313753 0.093356 0.151888 -1.498191 -0.039435 -0.233163 -0.018238 -0.008785 0.009620 -0.053046 -3.077462 3.378658 0.528670 0.056437 0.385388 -1.449005 -0.042130 -0.242425 -0.016592 -0.014366 0.010984 -0.052504 1336387002.412168026 
159.374397993 -3.233594 3.125959 0.270576 0.071544 0.170275 -1.566145 0.013679 -0.131263 -0.001452 -0.007702 -0.005315 0.016688 -3.394101 3.405418 0.512951 0.010496 0.402442 -1.521636 0.009196 -0.123267 -0.003937 -0.001677 -0.002139 0.017971 1336387003.702247858 
161.656848192 -3.532066 3.097990 0.240921 0.060288 0.155334 -1.528571 -0.019794 -0.046763 0.013442 -0.003743 -0.002978 -0.025168 -3.674282 3.376979 0.493746 0.024050 0.396773 -1.477221 -0.020983 -0.041058 0.011838 0.000209 -0.001083 -0.023735 1336387005.984698057 
167.412465096 -3.809497 3.189479 0.318823 0.015426 0.145267 -1.675747 -0.062007 0.025803 -0.023420 0.015593 0.008850 -0.091944 -3.919280 3.441632 0.597999 -0.031944 0.389917 -1.625112 -0.060860 0.013078 -0.020561 0.008088 0.004732 -0.092397 1336387011.740314960 
171.679654121 -3.669560 3.452294 0.259933 0.024622 0.177781 -2.073731 -0.089160 0.030368 -0.035693 0.017737 0.008530 -0.140057 -3.851496 3.712570 0.613955 -0.152177 0.366335 -2.049581 -0.089826 0.028056 -0.038753 0.016893 0.008329 -0.140037 1336387016.007503986 
174.755999088 -3.446080 3.659161 0.202661 0.001665 0.197851 -2.512729 -0.082948 0.031314 -0.032956 0.023464 0.005718 -0.145374 -3.651351 3.952203 0.590701 -0.242956 0.294144 -2.499859 -0.094276 0.020092 -0.035404 0.015209 0.008194 -0.146660 1336387019.083848953 
178.229292154 -3.135381 3.750429 0.147235 -0.014084 0.193465 -3.028042 -0.004105 -0.033270 -0.006276 -0.001439 0.000595 -0.009185 -3.345857 4.132855 0.555336 -0.301841 0.168004 -3.008323 -0.005699 -0.041797 -0.004171 -0.005898 0.000911 -0.009375 1336387022.557142019 
187.061380148 -3.123613 4.048272 0.103873 -0.042650 0.196934 -3.110832 -0.033756 -0.176649 -0.024885 0.009132 -0.009714 -0.020135 -3.357317 4.497989 0.637268 -0.366672 0.150535 -3.090703 -0.035482 -0.189119 -0.021978 0.003264 -0.009108 -0.020556 1336387031.389230013 
188.748407125 -3.071287 4.349554 0.086344 -0.033834 0.179002 3.138579 -0.024972 -0.135396 0.002318 0.006238 0.009212 -0.030184 -3.325985 4.811121 0.725112 -0.365133 0.123704 -3.117767 -0.024770 -0.144301 0.004871 0.002143 0.008490 -0.029832 1336387033.076256990 
190.931620121 -3.019431 4.644657 0.110867 -0.032218 0.196473 3.070744 -0.100331 0.009805 -0.010458 0.013296 0.001529 -0.160191 -3.294356 5.102432 0.853275 -0.368025 0.117498 3.097498 -0.105935 -0.006447 -0.010075 0.004384 -0.000037 -0.160353 1336387035.259469986 
193.908728123 -2.722968 4.595374 0.137734 -0.079979 0.164125 2.586896 -0.099201 0.027881 -0.046586 0.023687 0.008764 -0.180443 -2.977723 5.117189 0.869311 -0.367984 -0.060180 2.653634 -0.104089 0.013986 -0.048551 0.016678 0.007429 -0.180552 1336387038.236577988 
196.588127136 -2.515916 4.391219 0.052524 -0.084075 0.131460 2.098544 -0.069652 0.026464 -0.030191 0.013708 0.004890 -0.121956 -2.733440 5.000925 0.717922 -0.255802 -0.203071 2.186520 -0.071505 0.015839 -0.032408 0.009080 0.003181 -0.121877 1336387040.915977001 
200.359129190 -2.454397 4.107195 -0.033822 -0.082139 0.098874 1.636319 0.007006 -0.076078 -0.008307 -0.003468 0.002887 0.000193 -2.618368 4.791762 0.532933 -0.104345 -0.283060 1.719679 0.004282 -0.082989 -0.008096 -0.006117 0.004213 0.000276 1336387044.686979055 
204.328606129 -2.153132 4.153898 -0.044615 -0.095928 0.110356 1.636141 -0.051996 -0.190298 -0.012572 0.009192 -0.006632 -0.050448 -2.293375 4.856350 0.539936 -0.128452 -0.266314 1.719003 -0.050578 -0.198368 -0.013630 0.006895 -0.007567 -0.049453 1336387048.656455994 
205.916397095 -1.845809 4.092778 -0.026507 -0.089738 0.091867 1.557092 0.023278 -0.108250 -0.014775 -0.002581 0.008110 0.019866 -1.969510 4.821342 0.537019 -0.096205 -0.287479 1.639406 0.019357 -0.119024 -0.014080 -0.006393 0.010259 0.019992 1336387050.244246960 
208.695032120 -1.541715 4.151746 -0.046314 -0.091915 0.119127 1.610412 -0.048350 -0.204666 0.003528 -0.001535 -0.021545 -0.030415 -1.641017 4.897656 0.545391 -0.129262 -0.253366 1.693669 -0.046150 -0.213904 0.003744 -0.004220 -0.022806 -0.030119 1336387053.022881985 
210.183586121 -1.236390 4.096279 -0.004803 -0.099191 0.082931 1.568152 0.050355 -0.175846 -0.006864 -0.012915 0.017616 0.022143 -1.318777 4.858680 0.573254 -0.125022 -0.292599 1.651836 0.044068 -0.185131 -0.005973 -0.015714 0.020956 0.023088 1336387054.511435986 
211.870614052 -0.939818 4.181632 0.005953 -0.118110 0.116153 1.602596 0.028426 -0.185673 -0.010942 0.005977 -0.012954 0.040456 -1.013745 4.946496 0.622416 -0.161735 -0.252490 1.687168 0.024620 -0.196708 -0.008729 0.002237 -0.010818 0.040453 1336387056.198463917 
213.557641983 -0.628332 4.241352 0.018850 -0.099574 0.102198 1.673304 0.039769 -0.189641 -0.001586 -0.028389 0.011926 0.038707 -0.689625 5.015092 0.670463 -0.175737 -0.258884 1.759883 0.037571 -0.199721 -0.000277 -0.031744 0.013301 0.039072 1336387057.885491848 
215.145433187 -0.336751 4.337306 0.039693 -0.138399 0.126966 1.733042 -0.012986 -0.195008 -0.004027 0.017493 -0.009431 -0.004919 -0.391075 5.116601 0.738910 -0.240959 -0.226817 1.818762 -0.015297 -0.209565 -0.003173 0.011372 -0.008017 -0.004220 1336387059.473283052 
216.733224154 -0.030677 4.371348 0.078393 -0.111360 0.111054 1.727337 -0.010720 -0.164221 -0.004503 -0.013316 0.010061 -0.028262 -0.066739 5.157017 0.806052 -0.222117 -0.240776 1.815190 -0.015527 -0.173707 -0.003383 -0.016784 0.012133 -0.027930 1336387061.061074018 
218.618726969 0.276897 4.402470 0.106445 -0.142465 0.123819 1.671852 0.065286 -0.003522 0.006237 -0.006005 -0.002226 0.086195 0.255294 5.191820 0.863100 -0.239658 -0.229666 1.757267 0.066506 -0.017848 0.008530 -0.012065 -0.000237 0.085852 1336387062.946576834 
223.382099152 0.257693 4.714654 0.099587 -0.109612 0.159730 2.085217 0.153268 0.012041 0.048626 -0.041457 0.016004 0.220447 0.272301 5.495124 0.993303 -0.367128 -0.118312 2.157101 0.148011 0.000188 0.050159 -0.044631 0.020253 0.219189 1336387067.709949017 
225.267600060 0.081996 4.959273 0.141144 -0.113614 0.220420 2.505201 0.151519 0.023753 0.056565 -0.044502 -0.003467 0.244986 0.096176 5.698333 1.113773 -0.468283 0.070465 2.527271 0.144670 0.011340 0.057651 -0.047852 0.002562 0.244433 1336387069.595449924 
227.153103113 -0.193581 5.092547 0.177129 -0.085549 0.241011 2.979515 0.030023 -0.043436 0.007550 -0.001283 0.000118 0.043360 -0.170476 5.803032 1.181700 -0.486542 0.270894 2.949298 0.027213 -0.051540 0.009454 -0.004401 0.002514 0.043257 1336387071.480952978 
232.908843994 -0.334825 5.364282 0.198673 -0.029557 0.255204 -3.046590 -0.010380 -0.145011 -0.011722 -0.010796 -0.003538 -0.018452 -0.322429 6.073848 1.319781 -0.438185 0.392651 -3.103444 -0.015920 -0.156175 -0.009048 -0.015489 -0.000928 -0.018236 1336387077.236693859 
234.992820024 -0.338819 5.668063 0.189148 -0.061982 0.246507 -3.086000 0.017450 -0.078129 -0.005725 0.001440 -0.002685 0.015067 -0.349618 6.375746 1.444286 -0.484009 0.374546 -3.139537 0.011917 -0.088825 -0.003925 -0.002917 0.000518 0.015470 1336387079.320669889 
238.763823986 -0.418147 5.959502 0.169892 -0.042057 0.239505 -3.026978 0.130329 0.035734 0.042654 -0.041818 0.015620 0.183891 -0.444295 6.678922 1.560715 -0.474164 0.402898 -3.084399 0.135028 0.024150 0.044248 -0.047391 0.015783 0.182873 1336387083.091673851 
240.947036028 -0.704537 5.844130 0.189592 -0.034081 0.270567 -2.611698 0.119634 0.002631 0.042607 -0.013469 -0.015216 0.212592 -0.734059 6.571165 1.502047 -0.388740 0.585255 -2.677487 0.120641 -0.016481 0.045127 -0.021866 -0.010712 0.211767 1336387085.274885893 
243.328724146 -0.959877 5.683293 0.210959 0.071420 0.216291 -2.091341 0.168013 0.048727 0.043171 -0.021540 0.025892 0.227602 -1.002738 6.431735 1.438632 -0.064333 0.664191 -2.058734 0.164420 0.020347 0.042991 -0.034491 0.033506 0.225494 1336387087.656574011 
245.015753031 -1.039319 5.390309 0.226812 0.112708 0.216947 -1.695651 0.039747 -0.069310 0.019531 -0.003373 -0.003130 0.054767 -1.091034 6.182359 1.322901 0.179379 0.687490 -1.564924 0.038436 -0.079354 0.021319 -0.007843 -0.001415 0.054471 1336387089.343602896 
248.786630154 -1.324619 5.269100 0.237312 0.141960 0.177619 -1.488525 -0.024847 -0.162963 -0.006333 -0.027990 -0.008993 -0.024036 -1.399051 6.052215 1.250795 0.303790 0.629907 -1.315162 -0.022543 -0.166200 -0.006157 -0.028232 -0.010121 -0.023788 1336387093.114480019 
250.672131062 -1.630674 5.299935 0.191167 0.080580 0.167043 -1.536452 0.019742 -0.130616 -0.018919 0.006350 0.001615 0.012749 -1.709292 6.070452 1.191132 0.215040 0.624255 -1.374953 0.015820 -0.136923 -0.018973 0.004084 0.003689 0.012617 1336387094.999980927 
252.954581022 -1.923039 5.256583 0.117568 0.099980 0.168303 -1.506731 -0.012068 -0.129427 0.003194 0.001120 0.001884 -0.010521 -2.006409 6.046588 1.081589 0.245858 0.626013 -1.338015 -0.011202 -0.132370 0.004218 0.000515 0.001509 -0.010441 1336387097.282430887 
255.336268187 -2.231946 5.269054 0.099513 0.098453 0.175217 -1.531596 -0.022759 -0.191543 -0.009172 -0.014443 0.004105 -0.039697 -2.320367 6.034713 1.042938 0.230098 0.635355 -1.366896 -0.022925 -0.204351 -0.007044 -0.019497 0.003833 -0.039076 1336387099.664118052 
256.924059153 -2.534638 5.300535 0.062105 0.064323 0.187553 -1.594787 0.013250 -0.130661 0.004183 0.002128 0.003548 -0.007287 -2.643373 6.049286 0.996214 0.154606 0.654121 -1.441287 0.008877 -0.141917 0.006885 -0.002971 0.005889 -0.007701 1336387101.251909018 
259.305745125 -2.846437 5.278881 0.046336 0.066194 0.197075 -1.611893 -0.026312 -0.200192 -0.012241 0.013626 -0.018693 -0.028759 -2.977699 6.010820 0.954902 0.135127 0.670703 -1.461663 -0.026877 -0.211033 -0.011081 0.008739 -0.018206 -0.027979 1336387103.633594990 
260.794300079 -3.140444 5.336837 0.016845 0.077586 0.171945 -1.657101 0.109521 0.000483 0.025659 -0.024955 0.015621 0.103617 -3.292294 6.044560 0.933813 0.113020 0.648671 -1.518026 0.107298 -0.012670 0.028334 -0.030799 0.018399 0.102714 1336387105.122149944 
263.473697186 -3.170401 5.037438 0.034267 0.055882 0.185657 -1.372173 0.060657 -0.014861 0.021128 -0.009403 -0.007335 0.088920 -3.320163 5.770348 0.817191 0.234739 0.637653 -1.168384 0.060755 -0.022850 0.021765 -0.012791 -0.005827 0.088458 1336387107.801547050 
268.038594961 -3.185019 4.739485 0.074073 0.081541 0.115238 -0.966357 0.122926 0.012902 0.043585 -0.025012 0.015914 0.163269 -3.330626 5.476886 0.710237 0.414154 0.470185 -0.733209 0.117232 0.002240 0.045175 -0.029084 0.021311 0.162638 1336387112.366444826 
270.420282125 -2.994573 4.502759 0.145669 0.059944 0.113428 -0.573156 0.094904 0.026103 0.038645 -0.024789 0.000661 0.179681 -3.137506 5.251241 0.673463 0.491924 0.331025 -0.336079 0.098127 0.013165 0.040144 -0.031954 0.002881 0.178900 1336387114.748131990 
273.298154116 -2.718537 4.405916 0.229531 0.036838 0.070906 -0.055517 0.024880 -0.055936 0.009421 -0.002681 -0.001634 0.033303 -2.855629 5.130345 0.694907 0.490593 0.069897 0.118397 0.019752 -0.060068 0.010779 -0.004007 0.001844 0.033520 1336387117.626003981 
278.259999990 -2.608492 4.120289 0.257186 0.034682 0.055783 0.109567 0.002180 -0.150329 0.000708 -0.008049 0.000255 -0.010433 -2.730981 4.855048 0.595040 0.475166 -0.000886 0.269303 -0.001663 -0.154776 0.001665 -0.009835 0.002479 -0.010294 1336387122.587849855 
280.343976021 -2.570262 3.809460 0.247558 0.016687 0.057055 0.087822 0.023815 -0.152661 -0.005647 -0.024927 -0.014948 0.029036 -2.657466 4.576151 0.450559 0.454621 0.013521 0.252590 0.019555 -0.162134 -0.003758 -0.028834 -0.011926 0.029086 1336387124.671825886 
282.328715086 -2.497623 3.511921 0.228627 -0.029549 0.026337 0.144942 -0.011028 -0.270515 -0.031663 0.050417 0.009185 -0.040596 -2.550393 4.308585 0.302041 0.397669 -0.033100 0.294053 -0.028891 -0.306741 -0.022600 0.027661 0.018324 -0.042128 1336387126.656564951 
283.519559145 -2.464678 3.190192 0.200811 0.029242 0.035811 0.096267 0.007564 -0.177641 -0.026735 -0.014027 -0.008577 0.008947 -2.483448 3.987869 0.134718 0.431659 0.006467 0.256271 0.002448 -0.197069 -0.024894 -0.024616 -0.005581 0.007735 1336387127.847409010 
285.206586123 -2.425238 2.894375 0.146542 0.006103 0.020902 0.110932 -0.007514 -0.196291 0.000343 0.039215 0.001430 -0.005178 -2.408476 3.713518 -0.042544 0.390189 -0.007545 0.264183 -0.011829 -0.222286 -0.003002 0.023666 0.003610 -0.006431 1336387129.534435987 
286.794378042 -2.402618 2.583301 0.145434 0.068196 0.023222 0.102723 -0.011037 -0.181387 -0.011434 -0.021483 0.003701 -0.004698 -2.340836 3.395546 -0.181337 0.427816 0.001640 0.256920 -0.013430 -0.195321 -0.012758 -0.028597 0.004703 -0.005164 1336387131.122227907 
288.481405020 -2.390891 2.278920 0.105780 0.031779 0.029991 0.095238 -0.000098 -0.215372 0.003507 0.015831 0.000964 0.006298 -2.289082 3.108386 -0.337591 0.379574 0.012474 0.252284 -0.002355 -0.222789 0.001820 0.012558 0.001909 0.006562 1336387132.809254885 
289.969959021 -2.360697 1.959748 0.100818 0.055626 0.031125 0.104658 -0.015123 -0.219702 -0.001440 -0.029795 0.002496 -0.000644 -2.216790 2.807886 -0.457900 0.398374 0.011493 0.262410 -0.018140 -0.226984 -0.002805 -0.031592 0.003745 -0.001813 1336387134.297808886 
291.359277010 -2.350343 1.654507 0.082513 0.014210 0.034637 0.103957 -0.052433 -0.264091 -0.006698 0.023923 -0.003624 -0.045094 -2.167518 2.521725 -0.583526 0.354485 0.017265 0.262108 -0.051635 -0.265964 -0.007566 0.023187 -0.003986 -0.043406 1336387135.687126875 
292.550119162 -2.380218 1.335337 0.072239 0.040817 0.031035 0.050175 -0.018984 -0.233571 -0.025034 -0.020374 0.004723 -0.004205 -2.152717 2.221402 -0.700832 0.380771 0.030726 0.211961 -0.023121 -0.236990 -0.025425 -0.020732 0.006577 -0.005231 1336387136.877969027 
293.840198994 -2.391012 1.034661 0.028456 0.014372 0.037344 0.045000 -0.021426 -0.208160 -0.004820 0.003468 0.001618 -0.000178 -2.129043 1.948629 -0.843921 0.353942 0.041111 0.208847 -0.020784 -0.207692 -0.005516 0.004560 0.001975 0.002147 1336387138.168048859 
295.328754187 -2.409353 0.723799 0.018027 0.019526 0.039756 0.044769 0.043914 -0.034072 0.011640 -0.014045 0.003417 0.078213 -2.104365 1.660329 -0.957410 0.360894 0.042760 0.212866 0.042750 -0.042312 0.012401 -0.017476 0.005757 0.077672 1336387139.656604052 
300.687548161 -2.163890 0.550843 0.067428 -0.041224 0.046672 0.464614 0.109225 -0.035546 0.031729 -0.024511 0.002097 0.187440 -1.831625 1.478240 -0.985076 0.254225 -0.074726 0.613573 0.104600 -0.046030 0.033783 -0.027964 0.007381 0.186291 1336387145.015398026 
303.267709017 -1.869102 0.599864 0.139763 -0.078027 0.065894 0.948674 0.030965 -0.035982 0.020230 -0.012118 0.001788 0.084386 -1.536101 1.518958 -0.910584 0.119446 -0.164484 1.089767 0.031646 -0.044137 0.022797 -0.016171 0.003635 0.083801 1336387147.595558882 
309.122688055 -1.595336 0.637058 0.262040 -0.108417 0.105458 1.443152 0.018139 -0.068131 0.000907 -0.001778 0.000846 0.023847 -1.217673 1.540156 -0.779889 -0.067712 -0.179898 1.588131 0.016077 -0.075905 0.002750 -0.005602 0.002539 0.023551 1336387153.450537920 
313.389876127 -1.298810 0.680351 0.289003 -0.104785 0.119503 1.544643 0.011159 -0.092364 -0.006965 -0.004218 0.002041 0.002520 -0.896423 1.607217 -0.734533 -0.109299 -0.161404 1.688967 0.009172 -0.101188 -0.005243 -0.008371 0.003388 0.002596 1336387157.717725992 
316.664695978 -0.994735 0.709761 0.293534 -0.117696 0.127010 1.552213 0.055583 -0.077030 0.002094 -0.008443 -0.007452 0.055295 -0.570598 1.672667 -0.710876 -0.137892 -0.149442 1.696287 0.052285 -0.088711 0.004162 -0.014018 -0.004240 0.055350 1336387160.992545843 
319.840278149 -0.749299 0.884792 0.306218 -0.120199 0.122022 1.730692 0.158437 0.025533 0.059444 -0.029242 0.015786 0.200290 -0.315142 1.862604 -0.634919 -0.206589 -0.136423 1.873900 0.154108 0.011853 0.062151 -0.035580 0.021437 0.200060 1336387164.168128014 
321.626543045 -0.853232 1.164888 0.370974 -0.122337 0.184456 2.088350 0.150975 0.039431 0.036818 -0.036479 -0.006597 0.255408 -0.433823 2.096370 -0.494135 -0.303857 -0.019162 2.214784 0.150324 0.025514 0.037557 -0.043763 -0.001526 0.254230 1336387165.954392910 
323.611281157 -1.079936 1.388069 0.377925 -0.088580 0.207273 2.605019 0.084998 -0.003248 0.035797 -0.014512 -0.000836 0.154279 -0.668750 2.291663 -0.432453 -0.363651 0.125284 2.699378 0.086806 -0.012090 0.037068 -0.019716 0.001230 0.153464 1336387167.939131021 
326.886101007 -1.334755 1.539890 0.435832 -0.023074 0.221109 3.122155 0.013115 -0.068297 0.005642 -0.002431 0.007046 0.018564 -0.940711 2.413605 -0.341440 -0.327287 0.287152 -3.096897 0.012007 -0.076140 0.007098 -0.006897 0.008049 0.018460 1336387171.213950872 
331.252401114 -1.391741 1.838610 0.454012 -0.015446 0.253004 -3.078099 -0.018343 -0.179007 -0.010491 -0.015595 -0.010491 -0.011908 -1.043105 2.714170 -0.225642 -0.337319 0.345688 -3.027863 -0.019336 -0.183986 -0.009790 -0.017804 -0.010034 -0.011505 1336387175.580250978 
332.939429045 -1.377763 2.142335 0.449141 -0.046853 0.234945 -3.098469 0.011421 -0.190535 -0.021563 0.015951 0.005807 0.007788 -1.075809 3.010738 -0.132604 -0.371920 0.323261 -3.041267 0.009865 -0.200634 -0.020475 0.010411 0.006719 0.008001 1336387177.267278910 
334.527220011 -1.403822 2.445296 0.425439 -0.018665 0.244718 -3.086183 -0.002881 -0.195712 0.001291 -0.014388 -0.005048 -0.017783 -1.148512 3.313578 -0.056527 -0.352720 0.337806 -3.032832 -0.008759 -0.206520 0.004276 -0.021070 -0.001828 -0.018094 1336387178.855069876 
336.115010977 -1.418493 2.755617 0.434163 -0.048500 0.236079 -3.115065 0.003755 -0.184973 -0.015245 0.018529 0.005682 -0.003775 -1.208034 3.614271 0.060970 -0.395130 0.325041 -3.060224 0.003633 -0.213355 -0.010744 0.000095 0.005147 -0.005695 1336387180.442860842 
337.802039146 -1.430481 3.068344 0.422415 -0.018887 0.245339 -3.122101 -0.000231 -0.179480 0.005676 0.012064 -0.004236 -0.002483 -1.280166 3.948694 0.174453 -0.399075 0.329332 -3.073127 -0.002640 -0.199363 0.004067 -0.000948 -0.002992 -0.003597 1336387182.129889011 
339.489068031 -1.439714 3.370774 0.437344 0.000452 0.238113 -3.126272 0.002090 -0.186183 -0.014808 -0.007638 0.005870 -0.024102 -1.341186 4.252467 0.305540 -0.401914 0.322322 -3.076954 -0.006002 -0.204385 -0.013851 -0.018845 0.010234 -0.025170 1336387183.816917896 
341.176094055 -1.442027 3.684859 0.412098 -0.022324 0.247833 3.114977 0.014603 -0.223856 -0.019736 0.017448 -0.022151 0.013728 -1.388528 4.576553 0.416284 -0.448619 0.321257 -3.125257 0.008371 -0.220581 -0.021333 0.020238 -0.018027 0.014574 1336387185.503943920 
342.565412045 -1.448378 3.996681 0.387276 0.006872 0.217442 3.135199 0.058997 -0.165589 -0.008905 -0.026365 0.014762 0.038423 -1.437815 4.864773 0.513389 -0.410808 0.307330 -3.094723 0.052166 -0.169812 -0.008840 -0.026903 0.018965 0.038656 1336387186.893261909 
344.351677179 -1.545518 4.292977 0.347024 -0.024955 0.242814 -3.077115 -0.017884 -0.243439 0.003378 0.011764 -0.016335 -0.018124 -1.572089 5.143185 0.586860 -0.442450 0.365552 -3.041490 -0.023564 -0.248378 0.004141 0.010701 -0.012831 -0.017123 1336387188.679527044 
345.641757011 -1.546317 4.607428 0.364407 -0.015407 0.221099 -3.100528 0.046659 -0.228360 -0.010996 -0.026848 -0.002352 0.050931 -1.623063 5.426796 0.730364 -0.433554 0.341104 -3.055149 0.040673 -0.233232 -0.008971 -0.027876 0.001591 0.051327 1336387189.969606876 
346.931837082 -1.614984 4.899641 0.341796 -0.035251 0.218592 -3.033179 0.014819 -0.294127 0.003751 -0.011848 0.018925 -0.020348 -1.734948 5.696052 0.822033 -0.447459 0.370139 -2.991624 0.004689 -0.297616 0.006299 -0.012176 0.024574 -0.019729 1336387191.259686947 
348.023442984 -1.668708 5.216415 0.353329 -0.053298 0.238396 -3.056768 -0.035618 -0.303487 -0.021681 0.032646 -0.020191 -0.032646 -1.835478 5.974072 0.957009 -0.472797 0.384818 -3.025090 -0.038100 -0.314851 -0.020519 0.026219 -0.018586 -0.032623 1336387192.351292849 
349.015813112 -1.658781 5.520238 0.356388 -0.028449 0.216544 -3.088793 -0.001084 -0.136463 -0.027944 -0.000218 0.004733 -0.021784 -1.880374 6.258225 1.086276 -0.454931 0.353572 -3.046852 -0.003747 -0.142578 -0.027951 -0.003596 0.005914 -0.021869 1336387193.343662977 
351.199025154 -1.661016 5.820082 0.305615 -0.039434 0.225267 -3.137866 -0.045405 -0.039001 -0.008038 0.001395 -0.002828 -0.094104 -1.929974 6.561325 1.165998 -0.480099 0.343767 -3.098433 -0.047771 -0.045580 -0.007641 -0.001850 -0.003111 -0.093819 1336387195.526875019 
356.260109186 -1.430423 6.019780 0.324909 -0.131889 0.167717 2.662806 -0.054483 -0.000202 -0.035228 0.023949 0.013155 -0.127827 -1.736486 6.792352 1.315502 -0.583274 0.087901 2.773541 -0.059728 -0.012138 -0.036362 0.017831 0.011773 -0.127986 1336387200.587959051 
360.924245119 -1.173545 5.911840 0.206857 -0.092330 0.125465 2.058602 -0.030951 -0.199160 -0.018772 -0.014316 -0.005990 -0.067368 -1.417914 6.820260 1.230007 -0.454826 -0.190962 2.240758 -0.039091 -0.214252 -0.019125 -0.021087 -0.002613 -0.067341 1336387205.252094984 
362.412800074 -0.889050 6.010970 0.212135 -0.125634 0.106740 1.959010 -0.046804 -0.244961 -0.013441 0.006454 -0.005023 -0.061863 -1.134563 6.944110 1.331412 -0.467067 -0.237675 2.149892 -0.034209 -0.243866 -0.010238 0.009348 -0.011871 -0.061032 1336387206.740649939 
363.702881098 -0.575017 6.077112 0.240835 -0.125299 0.089992 1.880329 -0.007586 -0.166968 -0.035216 -0.005368 0.016171 -0.041269 -0.854270 7.039608 1.447236 -0.438490 -0.286286 2.083831 -0.010410 -0.174236 -0.035651 -0.007720 0.017347 -0.040862 1336387208.030730963 
365.489144087 -0.280882 6.154638 0.217015 -0.141501 0.109182 1.803141 -0.067493 -0.026380 -0.016650 0.015501 0.001250 -0.095947 -0.566125 7.157319 1.513437 -0.427719 -0.288259 2.001183 -0.069232 -0.033305 -0.017474 0.012841 0.000623 -0.095679 1336387209.816993952 
369.657096148 -0.099709 5.904197 0.194786 -0.108024 0.050938 1.406126 -0.186005 -0.199118 -0.050463 0.033823 0.013085 -0.288907 -0.309487 6.973445 1.423073 -0.231681 -0.426989 1.601254 -0.181378 -0.204483 -0.054817 0.034121 0.010493 -0.287665 1336387213.984946012 
370.748702049 0.085816 5.666189 0.173835 -0.081562 0.029192 1.090929 -0.046594 0.016942 -0.023955 0.011467 -0.000216 -0.089332 -0.073204 6.803239 1.334718 -0.042107 -0.464818 1.255156 -0.047152 0.004558 -0.023350 0.006708 -0.002929 -0.089745 1336387215.076551914 
376.206734180 -0.105703 5.474757 0.043468 -0.023145 -0.013540 0.605176 -0.085790 0.048450 -0.048057 0.014629 0.003900 -0.138842 -0.145283 6.645306 1.104594 0.234455 -0.441700 0.709299 -0.086670 0.014431 -0.047946 0.001457 -0.002029 -0.139920 1336387220.534584045 
378.985368013 -0.375017 5.448351 -0.096359 0.024301 -0.010419 0.219225 -0.006208 -0.028648 -0.050352 0.011870 0.004726 -0.049544 -0.317034 6.590074 0.892925 0.389834 -0.326695 0.307950 -0.016301 -0.043833 -0.051530 0.005734 0.007145 -0.049721 1336387223.313217878 
384.145689011 -0.372839 5.303890 -0.360024 0.087402 0.020445 -0.035724 0.008380 -0.057957 0.018896 -0.012774 -0.000827 0.009190 -0.258665 6.495136 0.551564 0.482154 -0.187727 0.081514 0.001334 -0.076283 0.020498 -0.019202 0.002329 0.008565 1336387228.473538876 
389.107535124 -0.340424 5.007883 -0.292589 0.024853 0.012355 0.009345 -0.005975 -0.094131 -0.013494 -0.000324 0.006515 -0.010817 -0.205152 6.115718 0.468907 0.378245 -0.197012 0.125375 -0.011075 -0.107268 -0.012103 -0.004571 0.008322 -0.011042 1336387233.435384989 
392.283118010 -0.357233 4.709949 -0.342617 0.023397 0.033885 -0.024493 -0.041590 -0.157944 -0.009099 0.011282 -0.024852 -0.019788 -0.170195 5.815365 0.303636 0.368289 -0.159455 0.102271 -0.049641 -0.167642 -0.005733 0.008573 -0.021945 -0.019460 1336387236.610967875 
394.168620110 -0.443681 4.414656 -0.364065 0.043378 -0.012113 -0.062851 0.036258 -0.104791 -0.002459 -0.005912 0.006114 0.043778 -0.212846 5.518456 0.166463 0.392250 -0.184660 0.052314 0.027573 -0.120023 0.000785 -0.010313 0.009967 0.043835 1336387238.496469975 
396.947254181 -0.361156 4.118282 -0.382295 0.025154 -0.000311 0.059401 -0.020529 -0.201676 0.007778 -0.015873 0.007589 -0.022872 -0.098471 5.215016 0.057193 0.337584 -0.204082 0.178061 -0.030329 -0.222904 0.010457 -0.023150 0.010947 -0.023498 1336387241.275104046 
398.435808182 -0.373828 3.816596 -0.378280 0.001524 0.011838 0.025650 -0.047032 -0.200889 -0.022692 0.022309 -0.005612 -0.032773 -0.066625 4.897402 -0.045191 0.308721 -0.177044 0.150024 -0.063076 -0.236364 -0.016887 0.009179 -0.000732 -0.033625 1336387242.763658047 
399.924362183 -0.436547 3.515907 -0.411683 0.034154 0.003545 -0.023147 0.018625 -0.119198 -0.009223 -0.002702 0.005151 0.038921 -0.086265 4.563144 -0.190534 0.330585 -0.162675 0.101365 0.014777 -0.145841 -0.007206 -0.012089 0.007309 0.037862 1336387244.252212048 
402.405285120 -0.397292 3.220151 -0.444813 0.027635 0.013009 0.073796 -0.000967 -0.151160 0.053399 0.005258 0.007419 0.017503 0.005418 4.234307 -0.317178 0.283550 -0.175227 0.197571 -0.007471 -0.191582 0.053864 -0.010095 0.010614 0.015846 1336387246.733134985 
404.290786982 -0.376695 2.933202 -0.352027 0.037970 0.026072 0.107181 0.038486 -0.236017 0.001992 -0.028131 -0.003734 0.071986 0.066074 3.863789 -0.323132 0.258345 -0.164266 0.232319 0.033554 -0.257566 0.001834 -0.035484 -0.000584 0.072167 1336387248.618636847 
405.580868006 -0.295020 2.635874 -0.362309 0.003928 0.017626 0.199812 -0.016859 -0.232914 0.000697 0.021425 -0.010718 -0.017113 0.194880 3.563519 -0.397546 0.196567 -0.188078 0.323746 -0.040577 -0.269870 -0.006005 0.007368 -0.000781 -0.018615 1336387249.908717871 
406.970184088 -0.253750 2.314071 -0.362199 0.033274 0.002823 0.175981 -0.022503 -0.274774 0.031644 0.014574 0.006631 -0.049286 0.273267 3.203676 -0.488059 0.211603 -0.184029 0.297730 -0.047961 -0.292928 0.028645 0.008687 0.016746 -0.050181 1336387251.298033953 
408.161028147 -0.222586 1.986178 -0.335347 0.050408 0.012662 0.117582 -0.008273 -0.232237 0.025700 -0.030589 -0.019486 0.022901 0.328719 2.856451 -0.537750 0.231711 -0.151715 0.242883 -0.012872 -0.253923 0.028762 -0.037905 -0.017493 0.023199 1336387252.488878012 
409.450983047 -0.197661 1.686165 -0.317198 0.011304 -0.013935 0.145812 0.064028 -0.197719 0.013561 -0.007261 0.009019 0.073241 0.397245 2.536218 -0.578919 0.179130 -0.180505 0.267213 0.043531 -0.212781 0.012955 -0.011228 0.018116 0.071542 1336387253.778832912 
410.939537048 -0.060812 1.408578 -0.299014 -0.001089 -0.001658 0.254972 0.008376 -0.063072 -0.001874 0.003931 0.004835 -0.018215 0.548416 2.250904 -0.604136 0.141468 -0.171812 0.378434 -0.000820 -0.084692 0.001587 -0.004403 0.007556 -0.018949 1336387255.267386913 
415.802147150 0.055972 1.122063 -0.307727 0.018175 0.021762 0.166376 -0.002987 -0.081348 0.045340 -0.005419 -0.002165 -0.024346 0.703814 1.872766 -0.654499 0.134432 -0.121823 0.291832 -0.013788 -0.103508 0.047004 -0.014433 0.001792 -0.025324 1336387260.129997015 
419.076966047 0.093969 0.855623 -0.163934 -0.001364 0.016052 0.086522 -0.049741 -0.190800 -0.052877 0.019216 -0.033436 -0.028211 0.751006 1.514659 -0.553670 0.096658 -0.104500 0.209993 -0.049550 -0.206268 -0.053907 0.013954 -0.034100 -0.027346 1336387263.404815912 
420.565520048 0.043514 0.566057 -0.241058 0.026566 -0.033790 0.044625 0.020394 -0.015309 0.018148 -0.003438 0.001039 0.018548 0.752523 1.210429 -0.670267 0.122245 -0.150988 0.164105 0.016224 -0.025974 0.018957 -0.007597 0.003814 0.018356 1336387264.893369913 
430.389976978 0.244600 0.419800 -0.060157 -0.013777 -0.027836 0.227117 -0.002398 0.000448 0.104682 -0.001888 0.001780 -0.000873 0.930256 0.960111 -0.494304 0.017938 -0.133111 0.349251 -0.006073 -0.008391 0.107080 -0.006343 0.003557 -0.001517 1336387274.717826843 
